0.0104382 -2.3681e+07
0.0153237 -3.74894e+07
0.0215728 -4.83368e+07
0.0283486 -4.74914e+07
0.0345678 -3.75441e+07
0.040797 -3.04543e+07
0.0469901 -1.91725e+07
0.0530891 -2.13303e+07
0.0595447 -2.83889e+07
0.0658233 -3.21576e+07
0.0719397 -3.40449e+07
0.0782459 -2.94922e+07
0.0847576 -1.53908e+07
0.0912144 1.54005e+06
0.0973611 1.19207e+07
0.103575 1.46628e+07
0.109823 9.53136e+06
0.116044 -1.36761e+06
0.122386 -1.35924e+07
0.128691 -1.94983e+07
0.134942 -1.88625e+07
0.141188 -1.01744e+07
0.147501 2.63238e+06
0.153773 1.29874e+07
0.160056 1.84972e+07
0.166395 1.90294e+07
0.172733 1.12877e+07
0.179044 546153
0.185321 -7.5506e+06
0.191573 -9.37139e+06
0.197832 -7.86685e+06
0.204185 -3.74082e+06
0.210498 3.08175e+06
0.216714 1.01321e+07
0.222965 1.51502e+07
0.229255 1.40734e+07
0.235506 8.48739e+06
0.241786 1.88103e+06
0.248088 -3.18422e+06
0.25435 -3.58668e+06
0.260623 -1.36559e+06
0.266956 1.71036e+06
0.273277 4.50369e+06
0.279616 5.66825e+06
0.285897 5.64103e+06
0.292116 5.15138e+06
0.298373 4.47283e+06
0.304678 3.80644e+06
0.310961 3.30625e+06
0.317262 2.88664e+06
0.323584 2.5215e+06
0.329839 2.2289e+06
0.33614 2.06677e+06
0.342398 2.11485e+06
0.348683 2.26783e+06
0.354948 2.46302e+06
0.361203 2.66611e+06
0.36749 2.84478e+06
0.373773 2.93871e+06
0.380074 2.93901e+06
0.386372 2.89651e+06
0.392624 2.8301e+06
0.39892 2.74827e+06
0.405201 2.65384e+06
0.411504 2.54367e+06
0.417799 2.41788e+06
0.42404 2.28642e+06
0.430355 2.15289e+06
0.436625 2.02446e+06
0.442917 1.90459e+06
0.449184 1.80598e+06
0.455459 1.75224e+06
0.461779 1.74941e+06
0.468095 1.76962e+06
0.474375 1.80027e+06
0.480658 1.83545e+06
0.486928 1.87042e+06
0.493195 1.90009e+06
0.49946 1.91508e+06
0.505717 1.9003e+06
0.512 1.86422e+06
0.518336 1.81808e+06
0.52461 1.76747e+06
0.53086 1.71485e+06
0.537166 1.66051e+06
0.543514 1.60694e+06
0.549764 1.55774e+06
0.555964 1.51731e+06
0.562279 1.48536e+06
0.568645 1.4583e+06
0.574916 1.43341e+06
0.581133 1.41035e+06
0.587428 1.38812e+06
0.59375 1.36638e+06
0.600022 1.34536e+06
0.606298 1.32445e+06
0.612523 1.30421e+06
0.618851 1.28318e+06
0.625163 1.26257e+06
0.631399 1.24228e+06
