0.0104382 -43.788
0.0153237 -91.9042
0.0215728 -161.834
0.0283486 -228.454
0.0345678 -273.865
0.040797 -310.989
0.0469901 -340.085
0.0530891 -380.247
0.0595447 -429.53
0.0658233 -471.14
0.0719397 -499.089
0.0782459 -504.97
0.0847576 -482.245
0.0912144 -444.038
0.0973611 -412.972
0.103575 -399.326
0.109823 -408.205
0.116044 -435
0.122386 -467.239
0.128691 -485.503
0.134942 -481.101
0.141188 -451.23
0.147501 -404.502
0.153773 -358.625
0.160056 -325.434
0.166395 -312.032
0.172733 -322.94
0.179044 -346.89
0.185321 -367.454
0.191573 -372.789
0.197832 -363.264
0.204185 -340.068
0.210498 -306.68
0.216714 -271.97
0.222965 -245.121
0.229255 -236.064
0.235506 -243.068
0.241786 -257.001
0.248088 -267.972
0.25435 -267.447
0.260623 -256.912
0.266956 -240.702
0.273277 -223.558
0.279616 -209.746
0.285897 -200.086
0.292116 -193.462
0.298373 -188.809
0.304678 -185.265
0.310961 -182.193
0.317262 -179.233
0.323584 -176.254
0.329839 -173.02
0.33614 -169.126
0.342398 -164.447
0.348683 -159.129
0.354948 -153.449
0.361203 -147.664
0.36749 -141.982
0.373773 -136.722
0.380074 -131.96
0.386372 -127.689
0.392624 -123.861
0.39892 -120.385
0.405201 -117.262
0.411504 -114.419
0.417799 -111.872
0.42404 -109.536
0.430355 -107.295
0.436625 -105.14
0.442917 -102.967
0.449184 -100.716
0.455459 -98.2808
0.461779 -95.6148
0.468095 -92.804
0.474375 -89.9176
0.480658 -87.0278
0.486928 -84.1694
0.493195 -81.3879
0.49946 -78.7744
0.505717 -76.3681
0.512 -74.1427
0.518336 -72.0828
0.52461 -70.1812
0.53086 -68.4053
0.537166 -66.7166
0.543514 -65.0891
0.549764 -63.5299
0.555964 -62.0213
0.562279 -60.487
0.568645 -58.9527
0.574916 -57.477
0.581133 -56.0297
0.587428 -54.591
0.59375 -53.1727
0.600022 -51.8173
0.606298 -50.4831
0.612523 -49.1978
0.618851 -47.9231
0.625163 -46.6693
0.631399 -45.4878
0.0104382 -43.788
0.0153237 -91.9042
0.0215728 -161.834
0.0283486 -228.454
0.0345678 -273.865
0.040797 -310.989
0.0469901 -340.085
0.0530891 -380.247
0.0595447 -429.53
0.0658233 -471.14
0.0719397 -499.089
0.0782459 -504.97
0.0847576 -482.245
0.0912144 -444.038
0.0973611 -412.972
0.103575 -399.326
0.109823 -408.205
0.116044 -435
0.122386 -467.239
0.128691 -485.503
0.134942 -481.101
0.141188 -451.23
0.147501 -404.502
0.153773 -358.625
0.160056 -325.434
0.166395 -312.032
0.172733 -322.94
0.179044 -346.89
0.185321 -367.454
0.191573 -372.789
0.197832 -363.264
0.204185 -340.068
0.210498 -306.68
0.216714 -271.97
0.222965 -245.121
0.229255 -236.064
0.235506 -243.068
0.241786 -257.001
0.248088 -267.972
0.25435 -267.447
0.260623 -256.912
0.266956 -240.702
0.273277 -223.558
0.279616 -209.746
0.285897 -200.086
0.292116 -193.462
0.298373 -188.809
0.304678 -185.265
0.310961 -182.193
0.317262 -179.233
0.323584 -176.254
0.329839 -173.02
0.33614 -169.126
0.342398 -164.447
0.348683 -159.129
0.354948 -153.449
0.361203 -147.664
0.36749 -141.982
0.373773 -136.722
0.380074 -131.96
0.386372 -127.689
0.392624 -123.861
0.39892 -120.385
0.405201 -117.262
0.411504 -114.419
0.417799 -111.872
0.42404 -109.536
0.430355 -107.295
0.436625 -105.14
0.442917 -102.967
0.449184 -100.716
0.455459 -98.2808
0.461779 -95.6148
0.468095 -92.804
0.474375 -89.9176
0.480658 -87.0278
0.486928 -84.1694
0.493195 -81.3879
0.49946 -78.7744
0.505717 -76.3681
0.512 -74.1427
0.518336 -72.0828
0.52461 -70.1812
0.53086 -68.4053
0.537166 -66.7166
0.543514 -65.0891
0.549764 -63.5299
0.555964 -62.0213
0.562279 -60.487
0.568645 -58.9527
0.574916 -57.477
0.581133 -56.0297
0.587428 -54.591
0.59375 -53.1727
0.600022 -51.8173
0.606298 -50.4831
0.612523 -49.1978
0.618851 -47.9231
0.625163 -46.6693
0.631399 -45.4878
0.0104382 -43.788
0.0153237 -91.9042
0.0215728 -161.834
0.0283486 -228.454
0.0345678 -273.865
0.040797 -310.989
0.0469901 -340.085
0.0530891 -380.247
0.0595447 -429.53
0.0658233 -471.14
0.0719397 -499.089
0.0782459 -504.97
0.0847576 -482.245
0.0912144 -444.038
0.0973611 -412.972
0.103575 -399.326
0.109823 -408.205
0.116044 -435
0.122386 -467.239
0.128691 -485.503
0.134942 -481.101
0.141188 -451.23
0.147501 -404.502
0.153773 -358.625
0.160056 -325.434
0.166395 -312.032
0.172733 -322.94
0.179044 -346.89
0.185321 -367.454
0.191573 -372.789
0.197832 -363.264
0.204185 -340.068
0.210498 -306.68
0.216714 -271.97
0.222965 -245.121
0.229255 -236.064
0.235506 -243.068
0.241786 -257.001
0.248088 -267.972
0.25435 -267.447
0.260623 -256.912
0.266956 -240.702
0.273277 -223.558
0.279616 -209.746
0.285897 -200.086
0.292116 -193.462
0.298373 -188.809
0.304678 -185.265
0.310961 -182.193
0.317262 -179.233
0.323584 -176.254
0.329839 -173.02
0.33614 -169.126
0.342398 -164.447
0.348683 -159.129
0.354948 -153.449
0.361203 -147.664
0.36749 -141.982
0.373773 -136.722
0.380074 -131.96
0.386372 -127.689
0.392624 -123.861
0.39892 -120.385
0.405201 -117.262
0.411504 -114.419
0.417799 -111.872
0.42404 -109.536
0.430355 -107.295
0.436625 -105.14
0.442917 -102.967
0.449184 -100.716
0.455459 -98.2808
0.461779 -95.6148
0.468095 -92.804
0.474375 -89.9176
0.480658 -87.0278
0.486928 -84.1694
0.493195 -81.3879
0.49946 -78.7744
0.505717 -76.3681
0.512 -74.1427
0.518336 -72.0828
0.52461 -70.1812
0.53086 -68.4053
0.537166 -66.7166
0.543514 -65.0891
0.549764 -63.5299
0.555964 -62.0213
0.562279 -60.487
0.568645 -58.9527
0.574916 -57.477
0.581133 -56.0297
0.587428 -54.591
0.59375 -53.1727
0.600022 -51.8173
0.606298 -50.4831
0.612523 -49.1978
0.618851 -47.9231
0.625163 -46.6693
0.631399 -45.4878
0.0104382 -43.788
0.0153237 -91.9042
0.0215728 -161.834
0.0283486 -228.454
0.0345678 -273.865
0.040797 -310.989
0.0469901 -340.085
0.0530891 -380.247
0.0595447 -429.53
0.0658233 -471.14
0.0719397 -499.089
0.0782459 -504.97
0.0847576 -482.245
0.0912144 -444.038
0.0973611 -412.972
0.103575 -399.326
0.109823 -408.205
0.116044 -435
0.122386 -467.239
0.128691 -485.503
0.134942 -481.101
0.141188 -451.23
0.147501 -404.502
0.153773 -358.625
0.160056 -325.434
0.166395 -312.032
0.172733 -322.94
0.179044 -346.89
0.185321 -367.454
0.191573 -372.789
0.197832 -363.264
0.204185 -340.068
0.210498 -306.68
0.216714 -271.97
0.222965 -245.121
0.229255 -236.064
0.235506 -243.068
0.241786 -257.001
0.248088 -267.972
0.25435 -267.447
0.260623 -256.912
0.266956 -240.702
0.273277 -223.558
0.279616 -209.746
0.285897 -200.086
0.292116 -193.462
0.298373 -188.809
0.304678 -185.265
0.310961 -182.193
0.317262 -179.233
0.323584 -176.254
0.329839 -173.02
0.33614 -169.126
0.342398 -164.447
0.348683 -159.129
0.354948 -153.449
0.361203 -147.664
0.36749 -141.982
0.373773 -136.722
0.380074 -131.96
0.386372 -127.689
0.392624 -123.861
0.39892 -120.385
0.405201 -117.262
0.411504 -114.419
0.417799 -111.872
0.42404 -109.536
0.430355 -107.295
0.436625 -105.14
0.442917 -102.967
0.449184 -100.716
0.455459 -98.2808
0.461779 -95.6148
0.468095 -92.804
0.474375 -89.9176
0.480658 -87.0278
0.486928 -84.1694
0.493195 -81.3879
0.49946 -78.7744
0.505717 -76.3681
0.512 -74.1427
0.518336 -72.0828
0.52461 -70.1812
0.53086 -68.4053
0.537166 -66.7166
0.543514 -65.0891
0.549764 -63.5299
0.555964 -62.0213
0.562279 -60.487
0.568645 -58.9527
0.574916 -57.477
0.581133 -56.0297
0.587428 -54.591
0.59375 -53.1727
0.600022 -51.8173
0.606298 -50.4831
0.612523 -49.1978
0.618851 -47.9231
0.625163 -46.6693
0.631399 -45.4878
0.0104382 -43.788
0.0153237 -91.9042
0.0215728 -161.834
0.0283486 -228.454
0.0345678 -273.865
0.040797 -310.989
0.0469901 -340.085
0.0530891 -380.247
0.0595447 -429.53
0.0658233 -471.14
0.0719397 -499.089
0.0782459 -504.97
0.0847576 -482.245
0.0912144 -444.038
0.0973611 -412.972
0.103575 -399.326
0.109823 -408.205
0.116044 -435
0.122386 -467.239
0.128691 -485.503
0.134942 -481.101
0.141188 -451.23
0.147501 -404.502
0.153773 -358.625
0.160056 -325.434
0.166395 -312.032
0.172733 -322.94
0.179044 -346.89
0.185321 -367.454
0.191573 -372.789
0.197832 -363.264
0.204185 -340.068
0.210498 -306.68
0.216714 -271.97
0.222965 -245.121
0.229255 -236.064
0.235506 -243.068
0.241786 -257.001
0.248088 -267.972
0.25435 -267.447
0.260623 -256.912
0.266956 -240.702
0.273277 -223.558
0.279616 -209.746
0.285897 -200.086
0.292116 -193.462
0.298373 -188.809
0.304678 -185.265
0.310961 -182.193
0.317262 -179.233
0.323584 -176.254
0.329839 -173.02
0.33614 -169.126
0.342398 -164.447
0.348683 -159.129
0.354948 -153.449
0.361203 -147.664
0.36749 -141.982
0.373773 -136.722
0.380074 -131.96
0.386372 -127.689
0.392624 -123.861
0.39892 -120.385
0.405201 -117.262
0.411504 -114.419
0.417799 -111.872
0.42404 -109.536
0.430355 -107.295
0.436625 -105.14
0.442917 -102.967
0.449184 -100.716
0.455459 -98.2808
0.461779 -95.6148
0.468095 -92.804
0.474375 -89.9176
0.480658 -87.0278
0.486928 -84.1694
0.493195 -81.3879
0.49946 -78.7744
0.505717 -76.3681
0.512 -74.1427
0.518336 -72.0828
0.52461 -70.1812
0.53086 -68.4053
0.537166 -66.7166
0.543514 -65.0891
0.549764 -63.5299
0.555964 -62.0213
0.562279 -60.487
0.568645 -58.9527
0.574916 -57.477
0.581133 -56.0297
0.587428 -54.591
0.59375 -53.1727
0.600022 -51.8173
0.606298 -50.4831
0.612523 -49.1978
0.618851 -47.9231
0.625163 -46.6693
0.631399 -45.4878
0.0104382 -43.788
0.0153237 -91.9042
0.0215728 -161.834
0.0283486 -228.454
0.0345678 -273.865
0.040797 -310.989
0.0469901 -340.085
0.0530891 -380.247
0.0595447 -429.53
0.0658233 -471.14
0.0719397 -499.089
0.0782459 -504.97
0.0847576 -482.245
0.0912144 -444.038
0.0973611 -412.972
0.103575 -399.326
0.109823 -408.205
0.116044 -435
0.122386 -467.239
0.128691 -485.503
0.134942 -481.101
0.141188 -451.23
0.147501 -404.502
0.153773 -358.625
0.160056 -325.434
0.166395 -312.032
0.172733 -322.94
0.179044 -346.89
0.185321 -367.454
0.191573 -372.789
0.197832 -363.264
0.204185 -340.068
0.210498 -306.68
0.216714 -271.97
0.222965 -245.121
0.229255 -236.064
0.235506 -243.068
0.241786 -257.001
0.248088 -267.972
0.25435 -267.447
0.260623 -256.912
0.266956 -240.702
0.273277 -223.558
0.279616 -209.746
0.285897 -200.086
0.292116 -193.462
0.298373 -188.809
0.304678 -185.265
0.310961 -182.193
0.317262 -179.233
0.323584 -176.254
0.329839 -173.02
0.33614 -169.126
0.342398 -164.447
0.348683 -159.129
0.354948 -153.449
0.361203 -147.664
0.36749 -141.982
0.373773 -136.722
0.380074 -131.96
0.386372 -127.689
0.392624 -123.861
0.39892 -120.385
0.405201 -117.262
0.411504 -114.419
0.417799 -111.872
0.42404 -109.536
0.430355 -107.295
0.436625 -105.14
0.442917 -102.967
0.449184 -100.716
0.455459 -98.2808
0.461779 -95.6148
0.468095 -92.804
0.474375 -89.9176
0.480658 -87.0278
0.486928 -84.1694
0.493195 -81.3879
0.49946 -78.7744
0.505717 -76.3681
0.512 -74.1427
0.518336 -72.0828
0.52461 -70.1812
0.53086 -68.4053
0.537166 -66.7166
0.543514 -65.0891
0.549764 -63.5299
0.555964 -62.0213
0.562279 -60.487
0.568645 -58.9527
0.574916 -57.477
0.581133 -56.0297
0.587428 -54.591
0.59375 -53.1727
0.600022 -51.8173
0.606298 -50.4831
0.612523 -49.1978
0.618851 -47.9231
0.625163 -46.6693
0.631399 -45.4878
0.0104382 -43.788
0.0153237 -91.9042
0.0215728 -161.834
0.0283486 -228.454
0.0345678 -273.865
0.040797 -310.989
0.0469901 -340.085
0.0530891 -380.247
0.0595447 -429.53
0.0658233 -471.14
0.0719397 -499.089
0.0782459 -504.97
0.0847576 -482.245
0.0912144 -444.038
0.0973611 -412.972
0.103575 -399.326
0.109823 -408.205
0.116044 -435
0.122386 -467.239
0.128691 -485.503
0.134942 -481.101
0.141188 -451.23
0.147501 -404.502
0.153773 -358.625
0.160056 -325.434
0.166395 -312.032
0.172733 -322.94
0.179044 -346.89
0.185321 -367.454
0.191573 -372.789
0.197832 -363.264
0.204185 -340.068
0.210498 -306.68
0.216714 -271.97
0.222965 -245.121
0.229255 -236.064
0.235506 -243.068
0.241786 -257.001
0.248088 -267.972
0.25435 -267.447
0.260623 -256.912
0.266956 -240.702
0.273277 -223.558
0.279616 -209.746
0.285897 -200.086
0.292116 -193.462
0.298373 -188.809
0.304678 -185.265
0.310961 -182.193
0.317262 -179.233
0.323584 -176.254
0.329839 -173.02
0.33614 -169.126
0.342398 -164.447
0.348683 -159.129
0.354948 -153.449
0.361203 -147.664
0.36749 -141.982
0.373773 -136.722
0.380074 -131.96
0.386372 -127.689
0.392624 -123.861
0.39892 -120.385
0.405201 -117.262
0.411504 -114.419
0.417799 -111.872
0.42404 -109.536
0.430355 -107.295
0.436625 -105.14
0.442917 -102.967
0.449184 -100.716
0.455459 -98.2808
0.461779 -95.6148
0.468095 -92.804
0.474375 -89.9176
0.480658 -87.0278
0.486928 -84.1694
0.493195 -81.3879
0.49946 -78.7744
0.505717 -76.3681
0.512 -74.1427
0.518336 -72.0828
0.52461 -70.1812
0.53086 -68.4053
0.537166 -66.7166
0.543514 -65.0891
0.549764 -63.5299
0.555964 -62.0213
0.562279 -60.487
0.568645 -58.9527
0.574916 -57.477
0.581133 -56.0297
0.587428 -54.591
0.59375 -53.1727
0.600022 -51.8173
0.606298 -50.4831
0.612523 -49.1978
0.618851 -47.9231
0.625163 -46.6693
0.631399 -45.4878
0.0104382 -43.788
0.0153237 -91.9042
0.0215728 -161.834
0.0283486 -228.454
0.0345678 -273.865
0.040797 -310.989
0.0469901 -340.085
0.0530891 -380.247
0.0595447 -429.53
0.0658233 -471.14
0.0719397 -499.089
0.0782459 -504.97
0.0847576 -482.245
0.0912144 -444.038
0.0973611 -412.972
0.103575 -399.326
0.109823 -408.205
0.116044 -435
0.122386 -467.239
0.128691 -485.503
0.134942 -481.101
0.141188 -451.23
0.147501 -404.502
0.153773 -358.625
0.160056 -325.434
0.166395 -312.032
0.172733 -322.94
0.179044 -346.89
0.185321 -367.454
0.191573 -372.789
0.197832 -363.264
0.204185 -340.068
0.210498 -306.68
0.216714 -271.97
0.222965 -245.121
0.229255 -236.064
0.235506 -243.068
0.241786 -257.001
0.248088 -267.972
0.25435 -267.447
0.260623 -256.912
0.266956 -240.702
0.273277 -223.558
0.279616 -209.746
0.285897 -200.086
0.292116 -193.462
0.298373 -188.809
0.304678 -185.265
0.310961 -182.193
0.317262 -179.233
0.323584 -176.254
0.329839 -173.02
0.33614 -169.126
0.342398 -164.447
0.348683 -159.129
0.354948 -153.449
0.361203 -147.664
0.36749 -141.982
0.373773 -136.722
0.380074 -131.96
0.386372 -127.689
0.392624 -123.861
0.39892 -120.385
0.405201 -117.262
0.411504 -114.419
0.417799 -111.872
0.42404 -109.536
0.430355 -107.295
0.436625 -105.14
0.442917 -102.967
0.449184 -100.716
0.455459 -98.2808
0.461779 -95.6148
0.468095 -92.804
0.474375 -89.9176
0.480658 -87.0278
0.486928 -84.1694
0.493195 -81.3879
0.49946 -78.7744
0.505717 -76.3681
0.512 -74.1427
0.518336 -72.0828
0.52461 -70.1812
0.53086 -68.4053
0.537166 -66.7166
0.543514 -65.0891
0.549764 -63.5299
0.555964 -62.0213
0.562279 -60.487
0.568645 -58.9527
0.574916 -57.477
0.581133 -56.0297
0.587428 -54.591
0.59375 -53.1727
0.600022 -51.8173
0.606298 -50.4831
0.612523 -49.1978
0.618851 -47.9231
0.625163 -46.6693
0.631399 -45.4878
0.0104382 -43.788
0.0153237 -91.9042
0.0215728 -161.834
0.0283486 -228.454
0.0345678 -273.865
0.040797 -310.989
0.0469901 -340.085
0.0530891 -380.247
0.0595447 -429.53
0.0658233 -471.14
0.0719397 -499.089
0.0782459 -504.97
0.0847576 -482.245
0.0912144 -444.038
0.0973611 -412.972
0.103575 -399.326
0.109823 -408.205
0.116044 -435
0.122386 -467.239
0.128691 -485.503
0.134942 -481.101
0.141188 -451.23
0.147501 -404.502
0.153773 -358.625
0.160056 -325.434
0.166395 -312.032
0.172733 -322.94
0.179044 -346.89
0.185321 -367.454
0.191573 -372.789
0.197832 -363.264
0.204185 -340.068
0.210498 -306.68
0.216714 -271.97
0.222965 -245.121
0.229255 -236.064
0.235506 -243.068
0.241786 -257.001
0.248088 -267.972
0.25435 -267.447
0.260623 -256.912
0.266956 -240.702
0.273277 -223.558
0.279616 -209.746
0.285897 -200.086
0.292116 -193.462
0.298373 -188.809
0.304678 -185.265
0.310961 -182.193
0.317262 -179.233
0.323584 -176.254
0.329839 -173.02
0.33614 -169.126
0.342398 -164.447
0.348683 -159.129
0.354948 -153.449
0.361203 -147.664
0.36749 -141.982
0.373773 -136.722
0.380074 -131.96
0.386372 -127.689
0.392624 -123.861
0.39892 -120.385
0.405201 -117.262
0.411504 -114.419
0.417799 -111.872
0.42404 -109.536
0.430355 -107.295
0.436625 -105.14
0.442917 -102.967
0.449184 -100.716
0.455459 -98.2808
0.461779 -95.6148
0.468095 -92.804
0.474375 -89.9176
0.480658 -87.0278
0.486928 -84.1694
0.493195 -81.3879
0.49946 -78.7744
0.505717 -76.3681
0.512 -74.1427
0.518336 -72.0828
0.52461 -70.1812
0.53086 -68.4053
0.537166 -66.7166
0.543514 -65.0891
0.549764 -63.5299
0.555964 -62.0213
0.562279 -60.487
0.568645 -58.9527
0.574916 -57.477
0.581133 -56.0297
0.587428 -54.591
0.59375 -53.1727
0.600022 -51.8173
0.606298 -50.4831
0.612523 -49.1978
0.618851 -47.9231
0.625163 -46.6693
0.631399 -45.4878
0.0104382 -43.788
0.0153237 -91.9042
0.0215728 -161.834
0.0283486 -228.454
0.0345678 -273.865
0.040797 -310.989
0.0469901 -340.085
0.0530891 -380.247
0.0595447 -429.53
0.0658233 -471.14
0.0719397 -499.089
0.0782459 -504.97
0.0847576 -482.245
0.0912144 -444.038
0.0973611 -412.972
0.103575 -399.326
0.109823 -408.205
0.116044 -435
0.122386 -467.239
0.128691 -485.503
0.134942 -481.101
0.141188 -451.23
0.147501 -404.502
0.153773 -358.625
0.160056 -325.434
0.166395 -312.032
0.172733 -322.94
0.179044 -346.89
0.185321 -367.454
0.191573 -372.789
0.197832 -363.264
0.204185 -340.068
0.210498 -306.68
0.216714 -271.97
0.222965 -245.121
0.229255 -236.064
0.235506 -243.068
0.241786 -257.001
0.248088 -267.972
0.25435 -267.447
0.260623 -256.912
0.266956 -240.702
0.273277 -223.558
0.279616 -209.746
0.285897 -200.086
0.292116 -193.462
0.298373 -188.809
0.304678 -185.265
0.310961 -182.193
0.317262 -179.233
0.323584 -176.254
0.329839 -173.02
0.33614 -169.126
0.342398 -164.447
0.348683 -159.129
0.354948 -153.449
0.361203 -147.664
0.36749 -141.982
0.373773 -136.722
0.380074 -131.96
0.386372 -127.689
0.392624 -123.861
0.39892 -120.385
0.405201 -117.262
0.411504 -114.419
0.417799 -111.872
0.42404 -109.536
0.430355 -107.295
0.436625 -105.14
0.442917 -102.967
0.449184 -100.716
0.455459 -98.2808
0.461779 -95.6148
0.468095 -92.804
0.474375 -89.9176
0.480658 -87.0278
0.486928 -84.1694
0.493195 -81.3879
0.49946 -78.7744
0.505717 -76.3681
0.512 -74.1427
0.518336 -72.0828
0.52461 -70.1812
0.53086 -68.4053
0.537166 -66.7166
0.543514 -65.0891
0.549764 -63.5299
0.555964 -62.0213
0.562279 -60.487
0.568645 -58.9527
0.574916 -57.477
0.581133 -56.0297
0.587428 -54.591
0.59375 -53.1727
0.600022 -51.8173
0.606298 -50.4831
0.612523 -49.1978
0.618851 -47.9231
0.625163 -46.6693
0.631399 -45.4878
0.0104382 -43.788
0.0153237 -91.9042
0.0215728 -161.834
0.0283486 -228.454
0.0345678 -273.865
0.040797 -310.989
0.0469901 -340.085
0.0530891 -380.247
0.0595447 -429.53
0.0658233 -471.14
0.0719397 -499.089
0.0782459 -504.97
0.0847576 -482.245
0.0912144 -444.038
0.0973611 -412.972
0.103575 -399.326
0.109823 -408.205
0.116044 -435
0.122386 -467.239
0.128691 -485.503
0.134942 -481.101
0.141188 -451.23
0.147501 -404.502
0.153773 -358.625
0.160056 -325.434
0.166395 -312.032
0.172733 -322.94
0.179044 -346.89
0.185321 -367.454
0.191573 -372.789
0.197832 -363.264
0.204185 -340.068
0.210498 -306.68
0.216714 -271.97
0.222965 -245.121
0.229255 -236.064
0.235506 -243.068
0.241786 -257.001
0.248088 -267.972
0.25435 -267.447
0.260623 -256.912
0.266956 -240.702
0.273277 -223.558
0.279616 -209.746
0.285897 -200.086
0.292116 -193.462
0.298373 -188.809
0.304678 -185.265
0.310961 -182.193
0.317262 -179.233
0.323584 -176.254
0.329839 -173.02
0.33614 -169.126
0.342398 -164.447
0.348683 -159.129
0.354948 -153.449
0.361203 -147.664
0.36749 -141.982
0.373773 -136.722
0.380074 -131.96
0.386372 -127.689
0.392624 -123.861
0.39892 -120.385
0.405201 -117.262
0.411504 -114.419
0.417799 -111.872
0.42404 -109.536
0.430355 -107.295
0.436625 -105.14
0.442917 -102.967
0.449184 -100.716
0.455459 -98.2808
0.461779 -95.6148
0.468095 -92.804
0.474375 -89.9176
0.480658 -87.0278
0.486928 -84.1694
0.493195 -81.3879
0.49946 -78.7744
0.505717 -76.3681
0.512 -74.1427
0.518336 -72.0828
0.52461 -70.1812
0.53086 -68.4053
0.537166 -66.7166
0.543514 -65.0891
0.549764 -63.5299
0.555964 -62.0213
0.562279 -60.487
0.568645 -58.9527
0.574916 -57.477
0.581133 -56.0297
0.587428 -54.591
0.59375 -53.1727
0.600022 -51.8173
0.606298 -50.4831
0.612523 -49.1978
0.618851 -47.9231
0.625163 -46.6693
0.631399 -45.4878
0.0104382 -43.788
0.0153237 -91.9042
0.0215728 -161.834
0.0283486 -228.454
0.0345678 -273.865
0.040797 -310.989
0.0469901 -340.085
0.0530891 -380.247
0.0595447 -429.53
0.0658233 -471.14
0.0719397 -499.089
0.0782459 -504.97
0.0847576 -482.245
0.0912144 -444.038
0.0973611 -412.972
0.103575 -399.326
0.109823 -408.205
0.116044 -435
0.122386 -467.239
0.128691 -485.503
0.134942 -481.101
0.141188 -451.23
0.147501 -404.502
0.153773 -358.625
0.160056 -325.434
0.166395 -312.032
0.172733 -322.94
0.179044 -346.89
0.185321 -367.454
0.191573 -372.789
0.197832 -363.264
0.204185 -340.068
0.210498 -306.68
0.216714 -271.97
0.222965 -245.121
0.229255 -236.064
0.235506 -243.068
0.241786 -257.001
0.248088 -267.972
0.25435 -267.447
0.260623 -256.912
0.266956 -240.702
0.273277 -223.558
0.279616 -209.746
0.285897 -200.086
0.292116 -193.462
0.298373 -188.809
0.304678 -185.265
0.310961 -182.193
0.317262 -179.233
0.323584 -176.254
0.329839 -173.02
0.33614 -169.126
0.342398 -164.447
0.348683 -159.129
0.354948 -153.449
0.361203 -147.664
0.36749 -141.982
0.373773 -136.722
0.380074 -131.96
0.386372 -127.689
0.392624 -123.861
0.39892 -120.385
0.405201 -117.262
0.411504 -114.419
0.417799 -111.872
0.42404 -109.536
0.430355 -107.295
0.436625 -105.14
0.442917 -102.967
0.449184 -100.716
0.455459 -98.2808
0.461779 -95.6148
0.468095 -92.804
0.474375 -89.9176
0.480658 -87.0278
0.486928 -84.1694
0.493195 -81.3879
0.49946 -78.7744
0.505717 -76.3681
0.512 -74.1427
0.518336 -72.0828
0.52461 -70.1812
0.53086 -68.4053
0.537166 -66.7166
0.543514 -65.0891
0.549764 -63.5299
0.555964 -62.0213
0.562279 -60.487
0.568645 -58.9527
0.574916 -57.477
0.581133 -56.0297
0.587428 -54.591
0.59375 -53.1727
0.600022 -51.8173
0.606298 -50.4831
0.612523 -49.1978
0.618851 -47.9231
0.625163 -46.6693
0.631399 -45.4878
0.0104382 -43.788
0.0153237 -91.9042
0.0215728 -161.834
0.0283486 -228.454
0.0345678 -273.865
0.040797 -310.989
0.0469901 -340.085
0.0530891 -380.247
0.0595447 -429.53
0.0658233 -471.14
0.0719397 -499.089
0.0782459 -504.97
0.0847576 -482.245
0.0912144 -444.038
0.0973611 -412.972
0.103575 -399.326
0.109823 -408.205
0.116044 -435
0.122386 -467.239
0.128691 -485.503
0.134942 -481.101
0.141188 -451.23
0.147501 -404.502
0.153773 -358.625
0.160056 -325.434
0.166395 -312.032
0.172733 -322.94
0.179044 -346.89
0.185321 -367.454
0.191573 -372.789
0.197832 -363.264
0.204185 -340.068
0.210498 -306.68
0.216714 -271.97
0.222965 -245.121
0.229255 -236.064
0.235506 -243.068
0.241786 -257.001
0.248088 -267.972
0.25435 -267.447
0.260623 -256.912
0.266956 -240.702
0.273277 -223.558
0.279616 -209.746
0.285897 -200.086
0.292116 -193.462
0.298373 -188.809
0.304678 -185.265
0.310961 -182.193
0.317262 -179.233
0.323584 -176.254
0.329839 -173.02
0.33614 -169.126
0.342398 -164.447
0.348683 -159.129
0.354948 -153.449
0.361203 -147.664
0.36749 -141.982
0.373773 -136.722
0.380074 -131.96
0.386372 -127.689
0.392624 -123.861
0.39892 -120.385
0.405201 -117.262
0.411504 -114.419
0.417799 -111.872
0.42404 -109.536
0.430355 -107.295
0.436625 -105.14
0.442917 -102.967
0.449184 -100.716
0.455459 -98.2808
0.461779 -95.6148
0.468095 -92.804
0.474375 -89.9176
0.480658 -87.0278
0.486928 -84.1694
0.493195 -81.3879
0.49946 -78.7744
0.505717 -76.3681
0.512 -74.1427
0.518336 -72.0828
0.52461 -70.1812
0.53086 -68.4053
0.537166 -66.7166
0.543514 -65.0891
0.549764 -63.5299
0.555964 -62.0213
0.562279 -60.487
0.568645 -58.9527
0.574916 -57.477
0.581133 -56.0297
0.587428 -54.591
0.59375 -53.1727
0.600022 -51.8173
0.606298 -50.4831
0.612523 -49.1978
0.618851 -47.9231
0.625163 -46.6693
0.631399 -45.4878
0.0104382 -43.788
0.0153237 -91.9042
0.0215728 -161.834
0.0283486 -228.454
0.0345678 -273.865
0.040797 -310.989
0.0469901 -340.085
0.0530891 -380.247
0.0595447 -429.53
0.0658233 -471.14
0.0719397 -499.089
0.0782459 -504.97
0.0847576 -482.245
0.0912144 -444.038
0.0973611 -412.972
0.103575 -399.326
0.109823 -408.205
0.116044 -435
0.122386 -467.239
0.128691 -485.503
0.134942 -481.101
0.141188 -451.23
0.147501 -404.502
0.153773 -358.625
0.160056 -325.434
0.166395 -312.032
0.172733 -322.94
0.179044 -346.89
0.185321 -367.454
0.191573 -372.789
0.197832 -363.264
0.204185 -340.068
0.210498 -306.68
0.216714 -271.97
0.222965 -245.121
0.229255 -236.064
0.235506 -243.068
0.241786 -257.001
0.248088 -267.972
0.25435 -267.447
0.260623 -256.912
0.266956 -240.702
0.273277 -223.558
0.279616 -209.746
0.285897 -200.086
0.292116 -193.462
0.298373 -188.809
0.304678 -185.265
0.310961 -182.193
0.317262 -179.233
0.323584 -176.254
0.329839 -173.02
0.33614 -169.126
0.342398 -164.447
0.348683 -159.129
0.354948 -153.449
0.361203 -147.664
0.36749 -141.982
0.373773 -136.722
0.380074 -131.96
0.386372 -127.689
0.392624 -123.861
0.39892 -120.385
0.405201 -117.262
0.411504 -114.419
0.417799 -111.872
0.42404 -109.536
0.430355 -107.295
0.436625 -105.14
0.442917 -102.967
0.449184 -100.716
0.455459 -98.2808
0.461779 -95.6148
0.468095 -92.804
0.474375 -89.9176
0.480658 -87.0278
0.486928 -84.1694
0.493195 -81.3879
0.49946 -78.7744
0.505717 -76.3681
0.512 -74.1427
0.518336 -72.0828
0.52461 -70.1812
0.53086 -68.4053
0.537166 -66.7166
0.543514 -65.0891
0.549764 -63.5299
0.555964 -62.0213
0.562279 -60.487
0.568645 -58.9527
0.574916 -57.477
0.581133 -56.0297
0.587428 -54.591
0.59375 -53.1727
0.600022 -51.8173
0.606298 -50.4831
0.612523 -49.1978
0.618851 -47.9231
0.625163 -46.6693
0.631399 -45.4878
0.0104382 -43.788
0.0153237 -91.9042
0.0215728 -161.834
0.0283486 -228.454
0.0345678 -273.865
0.040797 -310.989
0.0469901 -340.085
0.0530891 -380.247
0.0595447 -429.53
0.0658233 -471.14
0.0719397 -499.089
0.0782459 -504.97
0.0847576 -482.245
0.0912144 -444.038
0.0973611 -412.972
0.103575 -399.326
0.109823 -408.205
0.116044 -435
0.122386 -467.239
0.128691 -485.503
0.134942 -481.101
0.141188 -451.23
0.147501 -404.502
0.153773 -358.625
0.160056 -325.434
0.166395 -312.032
0.172733 -322.94
0.179044 -346.89
0.185321 -367.454
0.191573 -372.789
0.197832 -363.264
0.204185 -340.068
0.210498 -306.68
0.216714 -271.97
0.222965 -245.121
0.229255 -236.064
0.235506 -243.068
0.241786 -257.001
0.248088 -267.972
0.25435 -267.447
0.260623 -256.912
0.266956 -240.702
0.273277 -223.558
0.279616 -209.746
0.285897 -200.086
0.292116 -193.462
0.298373 -188.809
0.304678 -185.265
0.310961 -182.193
0.317262 -179.233
0.323584 -176.254
0.329839 -173.02
0.33614 -169.126
0.342398 -164.447
0.348683 -159.129
0.354948 -153.449
0.361203 -147.664
0.36749 -141.982
0.373773 -136.722
0.380074 -131.96
0.386372 -127.689
0.392624 -123.861
0.39892 -120.385
0.405201 -117.262
0.411504 -114.419
0.417799 -111.872
0.42404 -109.536
0.430355 -107.295
0.436625 -105.14
0.442917 -102.967
0.449184 -100.716
0.455459 -98.2808
0.461779 -95.6148
0.468095 -92.804
0.474375 -89.9176
0.480658 -87.0278
0.486928 -84.1694
0.493195 -81.3879
0.49946 -78.7744
0.505717 -76.3681
0.512 -74.1427
0.518336 -72.0828
0.52461 -70.1812
0.53086 -68.4053
0.537166 -66.7166
0.543514 -65.0891
0.549764 -63.5299
0.555964 -62.0213
0.562279 -60.487
0.568645 -58.9527
0.574916 -57.477
0.581133 -56.0297
0.587428 -54.591
0.59375 -53.1727
0.600022 -51.8173
0.606298 -50.4831
0.612523 -49.1978
0.618851 -47.9231
0.625163 -46.6693
0.631399 -45.4878
0.0104382 -43.788
0.0153237 -91.9042
0.0215728 -161.834
0.0283486 -228.454
0.0345678 -273.865
0.040797 -310.989
0.0469901 -340.085
0.0530891 -380.247
0.0595447 -429.53
0.0658233 -471.14
0.0719397 -499.089
0.0782459 -504.97
0.0847576 -482.245
0.0912144 -444.038
0.0973611 -412.972
0.103575 -399.326
0.109823 -408.205
0.116044 -435
0.122386 -467.239
0.128691 -485.503
0.134942 -481.101
0.141188 -451.23
0.147501 -404.502
0.153773 -358.625
0.160056 -325.434
0.166395 -312.032
0.172733 -322.94
0.179044 -346.89
0.185321 -367.454
0.191573 -372.789
0.197832 -363.264
0.204185 -340.068
0.210498 -306.68
0.216714 -271.97
0.222965 -245.121
0.229255 -236.064
0.235506 -243.068
0.241786 -257.001
0.248088 -267.972
0.25435 -267.447
0.260623 -256.912
0.266956 -240.702
0.273277 -223.558
0.279616 -209.746
0.285897 -200.086
0.292116 -193.462
0.298373 -188.809
0.304678 -185.265
0.310961 -182.193
0.317262 -179.233
0.323584 -176.254
0.329839 -173.02
0.33614 -169.126
0.342398 -164.447
0.348683 -159.129
0.354948 -153.449
0.361203 -147.664
0.36749 -141.982
0.373773 -136.722
0.380074 -131.96
0.386372 -127.689
0.392624 -123.861
0.39892 -120.385
0.405201 -117.262
0.411504 -114.419
0.417799 -111.872
0.42404 -109.536
0.430355 -107.295
0.436625 -105.14
0.442917 -102.967
0.449184 -100.716
0.455459 -98.2808
0.461779 -95.6148
0.468095 -92.804
0.474375 -89.9176
0.480658 -87.0278
0.486928 -84.1694
0.493195 -81.3879
0.49946 -78.7744
0.505717 -76.3681
0.512 -74.1427
0.518336 -72.0828
0.52461 -70.1812
0.53086 -68.4053
0.537166 -66.7166
0.543514 -65.0891
0.549764 -63.5299
0.555964 -62.0213
0.562279 -60.487
0.568645 -58.9527
0.574916 -57.477
0.581133 -56.0297
0.587428 -54.591
0.59375 -53.1727
0.600022 -51.8173
0.606298 -50.4831
0.612523 -49.1978
0.618851 -47.9231
0.625163 -46.6693
0.631399 -45.4878
0.0104382 -43.788
0.0153237 -91.9042
0.0215728 -161.834
0.0283486 -228.454
0.0345678 -273.865
0.040797 -310.989
0.0469901 -340.085
0.0530891 -380.247
0.0595447 -429.53
0.0658233 -471.14
0.0719397 -499.089
0.0782459 -504.97
0.0847576 -482.245
0.0912144 -444.038
0.0973611 -412.972
0.103575 -399.326
0.109823 -408.205
0.116044 -435
0.122386 -467.239
0.128691 -485.503
0.134942 -481.101
0.141188 -451.23
0.147501 -404.502
0.153773 -358.625
0.160056 -325.434
0.166395 -312.032
0.172733 -322.94
0.179044 -346.89
0.185321 -367.454
0.191573 -372.789
0.197832 -363.264
0.204185 -340.068
0.210498 -306.68
0.216714 -271.97
0.222965 -245.121
0.229255 -236.064
0.235506 -243.068
0.241786 -257.001
0.248088 -267.972
0.25435 -267.447
0.260623 -256.912
0.266956 -240.702
0.273277 -223.558
0.279616 -209.746
0.285897 -200.086
0.292116 -193.462
0.298373 -188.809
0.304678 -185.265
0.310961 -182.193
0.317262 -179.233
0.323584 -176.254
0.329839 -173.02
0.33614 -169.126
0.342398 -164.447
0.348683 -159.129
0.354948 -153.449
0.361203 -147.664
0.36749 -141.982
0.373773 -136.722
0.380074 -131.96
0.386372 -127.689
0.392624 -123.861
0.39892 -120.385
0.405201 -117.262
0.411504 -114.419
0.417799 -111.872
0.42404 -109.536
0.430355 -107.295
0.436625 -105.14
0.442917 -102.967
0.449184 -100.716
0.455459 -98.2808
0.461779 -95.6148
0.468095 -92.804
0.474375 -89.9176
0.480658 -87.0278
0.486928 -84.1694
0.493195 -81.3879
0.49946 -78.7744
0.505717 -76.3681
0.512 -74.1427
0.518336 -72.0828
0.52461 -70.1812
0.53086 -68.4053
0.537166 -66.7166
0.543514 -65.0891
0.549764 -63.5299
0.555964 -62.0213
0.562279 -60.487
0.568645 -58.9527
0.574916 -57.477
0.581133 -56.0297
0.587428 -54.591
0.59375 -53.1727
0.600022 -51.8173
0.606298 -50.4831
0.612523 -49.1978
0.618851 -47.9231
0.625163 -46.6693
0.631399 -45.4878
0.0104382 -43.788
0.0153237 -91.9042
0.0215728 -161.834
0.0283486 -228.454
0.0345678 -273.865
0.040797 -310.989
0.0469901 -340.085
0.0530891 -380.247
0.0595447 -429.53
0.0658233 -471.14
0.0719397 -499.089
0.0782459 -504.97
0.0847576 -482.245
0.0912144 -444.038
0.0973611 -412.972
0.103575 -399.326
0.109823 -408.205
0.116044 -435
0.122386 -467.239
0.128691 -485.503
0.134942 -481.101
0.141188 -451.23
0.147501 -404.502
0.153773 -358.625
0.160056 -325.434
0.166395 -312.032
0.172733 -322.94
0.179044 -346.89
0.185321 -367.454
0.191573 -372.789
0.197832 -363.264
0.204185 -340.068
0.210498 -306.68
0.216714 -271.97
0.222965 -245.121
0.229255 -236.064
0.235506 -243.068
0.241786 -257.001
0.248088 -267.972
0.25435 -267.447
0.260623 -256.912
0.266956 -240.702
0.273277 -223.558
0.279616 -209.746
0.285897 -200.086
0.292116 -193.462
0.298373 -188.809
0.304678 -185.265
0.310961 -182.193
0.317262 -179.233
0.323584 -176.254
0.329839 -173.02
0.33614 -169.126
0.342398 -164.447
0.348683 -159.129
0.354948 -153.449
0.361203 -147.664
0.36749 -141.982
0.373773 -136.722
0.380074 -131.96
0.386372 -127.689
0.392624 -123.861
0.39892 -120.385
0.405201 -117.262
0.411504 -114.419
0.417799 -111.872
0.42404 -109.536
0.430355 -107.295
0.436625 -105.14
0.442917 -102.967
0.449184 -100.716
0.455459 -98.2808
0.461779 -95.6148
0.468095 -92.804
0.474375 -89.9176
0.480658 -87.0278
0.486928 -84.1694
0.493195 -81.3879
0.49946 -78.7744
0.505717 -76.3681
0.512 -74.1427
0.518336 -72.0828
0.52461 -70.1812
0.53086 -68.4053
0.537166 -66.7166
0.543514 -65.0891
0.549764 -63.5299
0.555964 -62.0213
0.562279 -60.487
0.568645 -58.9527
0.574916 -57.477
0.581133 -56.0297
0.587428 -54.591
0.59375 -53.1727
0.600022 -51.8173
0.606298 -50.4831
0.612523 -49.1978
0.618851 -47.9231
0.625163 -46.6693
0.631399 -45.4878
0.0104382 -43.788
0.0153237 -91.9042
0.0215728 -161.834
0.0283486 -228.454
0.0345678 -273.865
0.040797 -310.989
0.0469901 -340.085
0.0530891 -380.247
0.0595447 -429.53
0.0658233 -471.14
0.0719397 -499.089
0.0782459 -504.97
0.0847576 -482.245
0.0912144 -444.038
0.0973611 -412.972
0.103575 -399.326
0.109823 -408.205
0.116044 -435
0.122386 -467.239
0.128691 -485.503
0.134942 -481.101
0.141188 -451.23
0.147501 -404.502
0.153773 -358.625
0.160056 -325.434
0.166395 -312.032
0.172733 -322.94
0.179044 -346.89
0.185321 -367.454
0.191573 -372.789
0.197832 -363.264
0.204185 -340.068
0.210498 -306.68
0.216714 -271.97
0.222965 -245.121
0.229255 -236.064
0.235506 -243.068
0.241786 -257.001
0.248088 -267.972
0.25435 -267.447
0.260623 -256.912
0.266956 -240.702
0.273277 -223.558
0.279616 -209.746
0.285897 -200.086
0.292116 -193.462
0.298373 -188.809
0.304678 -185.265
0.310961 -182.193
0.317262 -179.233
0.323584 -176.254
0.329839 -173.02
0.33614 -169.126
0.342398 -164.447
0.348683 -159.129
0.354948 -153.449
0.361203 -147.664
0.36749 -141.982
0.373773 -136.722
0.380074 -131.96
0.386372 -127.689
0.392624 -123.861
0.39892 -120.385
0.405201 -117.262
0.411504 -114.419
0.417799 -111.872
0.42404 -109.536
0.430355 -107.295
0.436625 -105.14
0.442917 -102.967
0.449184 -100.716
0.455459 -98.2808
0.461779 -95.6148
0.468095 -92.804
0.474375 -89.9176
0.480658 -87.0278
0.486928 -84.1694
0.493195 -81.3879
0.49946 -78.7744
0.505717 -76.3681
0.512 -74.1427
0.518336 -72.0828
0.52461 -70.1812
0.53086 -68.4053
0.537166 -66.7166
0.543514 -65.0891
0.549764 -63.5299
0.555964 -62.0213
0.562279 -60.487
0.568645 -58.9527
0.574916 -57.477
0.581133 -56.0297
0.587428 -54.591
0.59375 -53.1727
0.600022 -51.8173
0.606298 -50.4831
0.612523 -49.1978
0.618851 -47.9231
0.625163 -46.6693
0.631399 -45.4878
0.0104382 -43.788
0.0153237 -91.9042
0.0215728 -161.834
0.0283486 -228.454
0.0345678 -273.865
0.040797 -310.989
0.0469901 -340.085
0.0530891 -380.247
0.0595447 -429.53
0.0658233 -471.14
0.0719397 -499.089
0.0782459 -504.97
0.0847576 -482.245
0.0912144 -444.038
0.0973611 -412.972
0.103575 -399.326
0.109823 -408.205
0.116044 -435
0.122386 -467.239
0.128691 -485.503
0.134942 -481.101
0.141188 -451.23
0.147501 -404.502
0.153773 -358.625
0.160056 -325.434
0.166395 -312.032
0.172733 -322.94
0.179044 -346.89
0.185321 -367.454
0.191573 -372.789
0.197832 -363.264
0.204185 -340.068
0.210498 -306.68
0.216714 -271.97
0.222965 -245.121
0.229255 -236.064
0.235506 -243.068
0.241786 -257.001
0.248088 -267.972
0.25435 -267.447
0.260623 -256.912
0.266956 -240.702
0.273277 -223.558
0.279616 -209.746
0.285897 -200.086
0.292116 -193.462
0.298373 -188.809
0.304678 -185.265
0.310961 -182.193
0.317262 -179.233
0.323584 -176.254
0.329839 -173.02
0.33614 -169.126
0.342398 -164.447
0.348683 -159.129
0.354948 -153.449
0.361203 -147.664
0.36749 -141.982
0.373773 -136.722
0.380074 -131.96
0.386372 -127.689
0.392624 -123.861
0.39892 -120.385
0.405201 -117.262
0.411504 -114.419
0.417799 -111.872
0.42404 -109.536
0.430355 -107.295
0.436625 -105.14
0.442917 -102.967
0.449184 -100.716
0.455459 -98.2808
0.461779 -95.6148
0.468095 -92.804
0.474375 -89.9176
0.480658 -87.0278
0.486928 -84.1694
0.493195 -81.3879
0.49946 -78.7744
0.505717 -76.3681
0.512 -74.1427
0.518336 -72.0828
0.52461 -70.1812
0.53086 -68.4053
0.537166 -66.7166
0.543514 -65.0891
0.549764 -63.5299
0.555964 -62.0213
0.562279 -60.487
0.568645 -58.9527
0.574916 -57.477
0.581133 -56.0297
0.587428 -54.591
0.59375 -53.1727
0.600022 -51.8173
0.606298 -50.4831
0.612523 -49.1978
0.618851 -47.9231
0.625163 -46.6693
0.631399 -45.4878
0.0104382 -43.788
0.0153237 -91.9042
0.0215728 -161.834
0.0283486 -228.454
0.0345678 -273.865
0.040797 -310.989
0.0469901 -340.085
0.0530891 -380.247
0.0595447 -429.53
0.0658233 -471.14
0.0719397 -499.089
0.0782459 -504.97
0.0847576 -482.245
0.0912144 -444.038
0.0973611 -412.972
0.103575 -399.326
0.109823 -408.205
0.116044 -435
0.122386 -467.239
0.128691 -485.503
0.134942 -481.101
0.141188 -451.23
0.147501 -404.502
0.153773 -358.625
0.160056 -325.434
0.166395 -312.032
0.172733 -322.94
0.179044 -346.89
0.185321 -367.454
0.191573 -372.789
0.197832 -363.264
0.204185 -340.068
0.210498 -306.68
0.216714 -271.97
0.222965 -245.121
0.229255 -236.064
0.235506 -243.068
0.241786 -257.001
0.248088 -267.972
0.25435 -267.447
0.260623 -256.912
0.266956 -240.702
0.273277 -223.558
0.279616 -209.746
0.285897 -200.086
0.292116 -193.462
0.298373 -188.809
0.304678 -185.265
0.310961 -182.193
0.317262 -179.233
0.323584 -176.254
0.329839 -173.02
0.33614 -169.126
0.342398 -164.447
0.348683 -159.129
0.354948 -153.449
0.361203 -147.664
0.36749 -141.982
0.373773 -136.722
0.380074 -131.96
0.386372 -127.689
0.392624 -123.861
0.39892 -120.385
0.405201 -117.262
0.411504 -114.419
0.417799 -111.872
0.42404 -109.536
0.430355 -107.295
0.436625 -105.14
0.442917 -102.967
0.449184 -100.716
0.455459 -98.2808
0.461779 -95.6148
0.468095 -92.804
0.474375 -89.9176
0.480658 -87.0278
0.486928 -84.1694
0.493195 -81.3879
0.49946 -78.7744
0.505717 -76.3681
0.512 -74.1427
0.518336 -72.0828
0.52461 -70.1812
0.53086 -68.4053
0.537166 -66.7166
0.543514 -65.0891
0.549764 -63.5299
0.555964 -62.0213
0.562279 -60.487
0.568645 -58.9527
0.574916 -57.477
0.581133 -56.0297
0.587428 -54.591
0.59375 -53.1727
0.600022 -51.8173
0.606298 -50.4831
0.612523 -49.1978
0.618851 -47.9231
0.625163 -46.6693
0.631399 -45.4878
0.0104382 -43.788
0.0153237 -91.9042
0.0215728 -161.834
0.0283486 -228.454
0.0345678 -273.865
0.040797 -310.989
0.0469901 -340.085
0.0530891 -380.247
0.0595447 -429.53
0.0658233 -471.14
0.0719397 -499.089
0.0782459 -504.97
0.0847576 -482.245
0.0912144 -444.038
0.0973611 -412.972
0.103575 -399.326
0.109823 -408.205
0.116044 -435
0.122386 -467.239
0.128691 -485.503
0.134942 -481.101
0.141188 -451.23
0.147501 -404.502
0.153773 -358.625
0.160056 -325.434
0.166395 -312.032
0.172733 -322.94
0.179044 -346.89
0.185321 -367.454
0.191573 -372.789
0.197832 -363.264
0.204185 -340.068
0.210498 -306.68
0.216714 -271.97
0.222965 -245.121
0.229255 -236.064
0.235506 -243.068
0.241786 -257.001
0.248088 -267.972
0.25435 -267.447
0.260623 -256.912
0.266956 -240.702
0.273277 -223.558
0.279616 -209.746
0.285897 -200.086
0.292116 -193.462
0.298373 -188.809
0.304678 -185.265
0.310961 -182.193
0.317262 -179.233
0.323584 -176.254
0.329839 -173.02
0.33614 -169.126
0.342398 -164.447
0.348683 -159.129
0.354948 -153.449
0.361203 -147.664
0.36749 -141.982
0.373773 -136.722
0.380074 -131.96
0.386372 -127.689
0.392624 -123.861
0.39892 -120.385
0.405201 -117.262
0.411504 -114.419
0.417799 -111.872
0.42404 -109.536
0.430355 -107.295
0.436625 -105.14
0.442917 -102.967
0.449184 -100.716
0.455459 -98.2808
0.461779 -95.6148
0.468095 -92.804
0.474375 -89.9176
0.480658 -87.0278
0.486928 -84.1694
0.493195 -81.3879
0.49946 -78.7744
0.505717 -76.3681
0.512 -74.1427
0.518336 -72.0828
0.52461 -70.1812
0.53086 -68.4053
0.537166 -66.7166
0.543514 -65.0891
0.549764 -63.5299
0.555964 -62.0213
0.562279 -60.487
0.568645 -58.9527
0.574916 -57.477
0.581133 -56.0297
0.587428 -54.591
0.59375 -53.1727
0.600022 -51.8173
0.606298 -50.4831
0.612523 -49.1978
0.618851 -47.9231
0.625163 -46.6693
0.631399 -45.4878
0.0104382 -43.788
0.0153237 -91.9042
0.0215728 -161.834
0.0283486 -228.454
0.0345678 -273.865
0.040797 -310.989
0.0469901 -340.085
0.0530891 -380.247
0.0595447 -429.53
0.0658233 -471.14
0.0719397 -499.089
0.0782459 -504.97
0.0847576 -482.245
0.0912144 -444.038
0.0973611 -412.972
0.103575 -399.326
0.109823 -408.205
0.116044 -435
0.122386 -467.239
0.128691 -485.503
0.134942 -481.101
0.141188 -451.23
0.147501 -404.502
0.153773 -358.625
0.160056 -325.434
0.166395 -312.032
0.172733 -322.94
0.179044 -346.89
0.185321 -367.454
0.191573 -372.789
0.197832 -363.264
0.204185 -340.068
0.210498 -306.68
0.216714 -271.97
0.222965 -245.121
0.229255 -236.064
0.235506 -243.068
0.241786 -257.001
0.248088 -267.972
0.25435 -267.447
0.260623 -256.912
0.266956 -240.702
0.273277 -223.558
0.279616 -209.746
0.285897 -200.086
0.292116 -193.462
0.298373 -188.809
0.304678 -185.265
0.310961 -182.193
0.317262 -179.233
0.323584 -176.254
0.329839 -173.02
0.33614 -169.126
0.342398 -164.447
0.348683 -159.129
0.354948 -153.449
0.361203 -147.664
0.36749 -141.982
0.373773 -136.722
0.380074 -131.96
0.386372 -127.689
0.392624 -123.861
0.39892 -120.385
0.405201 -117.262
0.411504 -114.419
0.417799 -111.872
0.42404 -109.536
0.430355 -107.295
0.436625 -105.14
0.442917 -102.967
0.449184 -100.716
0.455459 -98.2808
0.461779 -95.6148
0.468095 -92.804
0.474375 -89.9176
0.480658 -87.0278
0.486928 -84.1694
0.493195 -81.3879
0.49946 -78.7744
0.505717 -76.3681
0.512 -74.1427
0.518336 -72.0828
0.52461 -70.1812
0.53086 -68.4053
0.537166 -66.7166
0.543514 -65.0891
0.549764 -63.5299
0.555964 -62.0213
0.562279 -60.487
0.568645 -58.9527
0.574916 -57.477
0.581133 -56.0297
0.587428 -54.591
0.59375 -53.1727
0.600022 -51.8173
0.606298 -50.4831
0.612523 -49.1978
0.618851 -47.9231
0.625163 -46.6693
0.631399 -45.4878
0.0104382 -43.788
0.0153237 -91.9042
0.0215728 -161.834
0.0283486 -228.454
0.0345678 -273.865
0.040797 -310.989
0.0469901 -340.085
0.0530891 -380.247
0.0595447 -429.53
0.0658233 -471.14
0.0719397 -499.089
0.0782459 -504.97
0.0847576 -482.245
0.0912144 -444.038
0.0973611 -412.972
0.103575 -399.326
0.109823 -408.205
0.116044 -435
0.122386 -467.239
0.128691 -485.503
0.134942 -481.101
0.141188 -451.23
0.147501 -404.502
0.153773 -358.625
0.160056 -325.434
0.166395 -312.032
0.172733 -322.94
0.179044 -346.89
0.185321 -367.454
0.191573 -372.789
0.197832 -363.264
0.204185 -340.068
0.210498 -306.68
0.216714 -271.97
0.222965 -245.121
0.229255 -236.064
0.235506 -243.068
0.241786 -257.001
0.248088 -267.972
0.25435 -267.447
0.260623 -256.912
0.266956 -240.702
0.273277 -223.558
0.279616 -209.746
0.285897 -200.086
0.292116 -193.462
0.298373 -188.809
0.304678 -185.265
0.310961 -182.193
0.317262 -179.233
0.323584 -176.254
0.329839 -173.02
0.33614 -169.126
0.342398 -164.447
0.348683 -159.129
0.354948 -153.449
0.361203 -147.664
0.36749 -141.982
0.373773 -136.722
0.380074 -131.96
0.386372 -127.689
0.392624 -123.861
0.39892 -120.385
0.405201 -117.262
0.411504 -114.419
0.417799 -111.872
0.42404 -109.536
0.430355 -107.295
0.436625 -105.14
0.442917 -102.967
0.449184 -100.716
0.455459 -98.2808
0.461779 -95.6148
0.468095 -92.804
0.474375 -89.9176
0.480658 -87.0278
0.486928 -84.1694
0.493195 -81.3879
0.49946 -78.7744
0.505717 -76.3681
0.512 -74.1427
0.518336 -72.0828
0.52461 -70.1812
0.53086 -68.4053
0.537166 -66.7166
0.543514 -65.0891
0.549764 -63.5299
0.555964 -62.0213
0.562279 -60.487
0.568645 -58.9527
0.574916 -57.477
0.581133 -56.0297
0.587428 -54.591
0.59375 -53.1727
0.600022 -51.8173
0.606298 -50.4831
0.612523 -49.1978
0.618851 -47.9231
0.625163 -46.6693
0.631399 -45.4878
0.0104382 -43.788
0.0153237 -91.9042
0.0215728 -161.834
0.0283486 -228.454
0.0345678 -273.865
0.040797 -310.989
0.0469901 -340.085
0.0530891 -380.247
0.0595447 -429.53
0.0658233 -471.14
0.0719397 -499.089
0.0782459 -504.97
0.0847576 -482.245
0.0912144 -444.038
0.0973611 -412.972
0.103575 -399.326
0.109823 -408.205
0.116044 -435
0.122386 -467.239
0.128691 -485.503
0.134942 -481.101
0.141188 -451.23
0.147501 -404.502
0.153773 -358.625
0.160056 -325.434
0.166395 -312.032
0.172733 -322.94
0.179044 -346.89
0.185321 -367.454
0.191573 -372.789
0.197832 -363.264
0.204185 -340.068
0.210498 -306.68
0.216714 -271.97
0.222965 -245.121
0.229255 -236.064
0.235506 -243.068
0.241786 -257.001
0.248088 -267.972
0.25435 -267.447
0.260623 -256.912
0.266956 -240.702
0.273277 -223.558
0.279616 -209.746
0.285897 -200.086
0.292116 -193.462
0.298373 -188.809
0.304678 -185.265
0.310961 -182.193
0.317262 -179.233
0.323584 -176.254
0.329839 -173.02
0.33614 -169.126
0.342398 -164.447
0.348683 -159.129
0.354948 -153.449
0.361203 -147.664
0.36749 -141.982
0.373773 -136.722
0.380074 -131.96
0.386372 -127.689
0.392624 -123.861
0.39892 -120.385
0.405201 -117.262
0.411504 -114.419
0.417799 -111.872
0.42404 -109.536
0.430355 -107.295
0.436625 -105.14
0.442917 -102.967
0.449184 -100.716
0.455459 -98.2808
0.461779 -95.6148
0.468095 -92.804
0.474375 -89.9176
0.480658 -87.0278
0.486928 -84.1694
0.493195 -81.3879
0.49946 -78.7744
0.505717 -76.3681
0.512 -74.1427
0.518336 -72.0828
0.52461 -70.1812
0.53086 -68.4053
0.537166 -66.7166
0.543514 -65.0891
0.549764 -63.5299
0.555964 -62.0213
0.562279 -60.487
0.568645 -58.9527
0.574916 -57.477
0.581133 -56.0297
0.587428 -54.591
0.59375 -53.1727
0.600022 -51.8173
0.606298 -50.4831
0.612523 -49.1978
0.618851 -47.9231
0.625163 -46.6693
0.631399 -45.4878
0.0104382 -43.788
0.0153237 -91.9042
0.0215728 -161.834
0.0283486 -228.454
0.0345678 -273.865
0.040797 -310.989
0.0469901 -340.085
0.0530891 -380.247
0.0595447 -429.53
0.0658233 -471.14
0.0719397 -499.089
0.0782459 -504.97
0.0847576 -482.245
0.0912144 -444.038
0.0973611 -412.972
0.103575 -399.326
0.109823 -408.205
0.116044 -435
0.122386 -467.239
0.128691 -485.503
0.134942 -481.101
0.141188 -451.23
0.147501 -404.502
0.153773 -358.625
0.160056 -325.434
0.166395 -312.032
0.172733 -322.94
0.179044 -346.89
0.185321 -367.454
0.191573 -372.789
0.197832 -363.264
0.204185 -340.068
0.210498 -306.68
0.216714 -271.97
0.222965 -245.121
0.229255 -236.064
0.235506 -243.068
0.241786 -257.001
0.248088 -267.972
0.25435 -267.447
0.260623 -256.912
0.266956 -240.702
0.273277 -223.558
0.279616 -209.746
0.285897 -200.086
0.292116 -193.462
0.298373 -188.809
0.304678 -185.265
0.310961 -182.193
0.317262 -179.233
0.323584 -176.254
0.329839 -173.02
0.33614 -169.126
0.342398 -164.447
0.348683 -159.129
0.354948 -153.449
0.361203 -147.664
0.36749 -141.982
0.373773 -136.722
0.380074 -131.96
0.386372 -127.689
0.392624 -123.861
0.39892 -120.385
0.405201 -117.262
0.411504 -114.419
0.417799 -111.872
0.42404 -109.536
0.430355 -107.295
0.436625 -105.14
0.442917 -102.967
0.449184 -100.716
0.455459 -98.2808
0.461779 -95.6148
0.468095 -92.804
0.474375 -89.9176
0.480658 -87.0278
0.486928 -84.1694
0.493195 -81.3879
0.49946 -78.7744
0.505717 -76.3681
0.512 -74.1427
0.518336 -72.0828
0.52461 -70.1812
0.53086 -68.4053
0.537166 -66.7166
0.543514 -65.0891
0.549764 -63.5299
0.555964 -62.0213
0.562279 -60.487
0.568645 -58.9527
0.574916 -57.477
0.581133 -56.0297
0.587428 -54.591
0.59375 -53.1727
0.600022 -51.8173
0.606298 -50.4831
0.612523 -49.1978
0.618851 -47.9231
0.625163 -46.6693
0.631399 -45.4878
0.0104382 -43.788
0.0153237 -91.9042
0.0215728 -161.834
0.0283486 -228.454
0.0345678 -273.865
0.040797 -310.989
0.0469901 -340.085
0.0530891 -380.247
0.0595447 -429.53
0.0658233 -471.14
0.0719397 -499.089
0.0782459 -504.97
0.0847576 -482.245
0.0912144 -444.038
0.0973611 -412.972
0.103575 -399.326
0.109823 -408.205
0.116044 -435
0.122386 -467.239
0.128691 -485.503
0.134942 -481.101
0.141188 -451.23
0.147501 -404.502
0.153773 -358.625
0.160056 -325.434
0.166395 -312.032
0.172733 -322.94
0.179044 -346.89
0.185321 -367.454
0.191573 -372.789
0.197832 -363.264
0.204185 -340.068
0.210498 -306.68
0.216714 -271.97
0.222965 -245.121
0.229255 -236.064
0.235506 -243.068
0.241786 -257.001
0.248088 -267.972
0.25435 -267.447
0.260623 -256.912
0.266956 -240.702
0.273277 -223.558
0.279616 -209.746
0.285897 -200.086
0.292116 -193.462
0.298373 -188.809
0.304678 -185.265
0.310961 -182.193
0.317262 -179.233
0.323584 -176.254
0.329839 -173.02
0.33614 -169.126
0.342398 -164.447
0.348683 -159.129
0.354948 -153.449
0.361203 -147.664
0.36749 -141.982
0.373773 -136.722
0.380074 -131.96
0.386372 -127.689
0.392624 -123.861
0.39892 -120.385
0.405201 -117.262
0.411504 -114.419
0.417799 -111.872
0.42404 -109.536
0.430355 -107.295
0.436625 -105.14
0.442917 -102.967
0.449184 -100.716
0.455459 -98.2808
0.461779 -95.6148
0.468095 -92.804
0.474375 -89.9176
0.480658 -87.0278
0.486928 -84.1694
0.493195 -81.3879
0.49946 -78.7744
0.505717 -76.3681
0.512 -74.1427
0.518336 -72.0828
0.52461 -70.1812
0.53086 -68.4053
0.537166 -66.7166
0.543514 -65.0891
0.549764 -63.5299
0.555964 -62.0213
0.562279 -60.487
0.568645 -58.9527
0.574916 -57.477
0.581133 -56.0297
0.587428 -54.591
0.59375 -53.1727
0.600022 -51.8173
0.606298 -50.4831
0.612523 -49.1978
0.618851 -47.9231
0.625163 -46.6693
0.631399 -45.4878
0.0104382 -43.788
0.0153237 -91.9042
0.0215728 -161.834
0.0283486 -228.454
0.0345678 -273.865
0.040797 -310.989
0.0469901 -340.085
0.0530891 -380.247
0.0595447 -429.53
0.0658233 -471.14
0.0719397 -499.089
0.0782459 -504.97
0.0847576 -482.245
0.0912144 -444.038
0.0973611 -412.972
0.103575 -399.326
0.109823 -408.205
0.116044 -435
0.122386 -467.239
0.128691 -485.503
0.134942 -481.101
0.141188 -451.23
0.147501 -404.502
0.153773 -358.625
0.160056 -325.434
0.166395 -312.032
0.172733 -322.94
0.179044 -346.89
0.185321 -367.454
0.191573 -372.789
0.197832 -363.264
0.204185 -340.068
0.210498 -306.68
0.216714 -271.97
0.222965 -245.121
0.229255 -236.064
0.235506 -243.068
0.241786 -257.001
0.248088 -267.972
0.25435 -267.447
0.260623 -256.912
0.266956 -240.702
0.273277 -223.558
0.279616 -209.746
0.285897 -200.086
0.292116 -193.462
0.298373 -188.809
0.304678 -185.265
0.310961 -182.193
0.317262 -179.233
0.323584 -176.254
0.329839 -173.02
0.33614 -169.126
0.342398 -164.447
0.348683 -159.129
0.354948 -153.449
0.361203 -147.664
0.36749 -141.982
0.373773 -136.722
0.380074 -131.96
0.386372 -127.689
0.392624 -123.861
0.39892 -120.385
0.405201 -117.262
0.411504 -114.419
0.417799 -111.872
0.42404 -109.536
0.430355 -107.295
0.436625 -105.14
0.442917 -102.967
0.449184 -100.716
0.455459 -98.2808
0.461779 -95.6148
0.468095 -92.804
0.474375 -89.9176
0.480658 -87.0278
0.486928 -84.1694
0.493195 -81.3879
0.49946 -78.7744
0.505717 -76.3681
0.512 -74.1427
0.518336 -72.0828
0.52461 -70.1812
0.53086 -68.4053
0.537166 -66.7166
0.543514 -65.0891
0.549764 -63.5299
0.555964 -62.0213
0.562279 -60.487
0.568645 -58.9527
0.574916 -57.477
0.581133 -56.0297
0.587428 -54.591
0.59375 -53.1727
0.600022 -51.8173
0.606298 -50.4831
0.612523 -49.1978
0.618851 -47.9231
0.625163 -46.6693
0.631399 -45.4878
0.0104382 -43.788
0.0153237 -91.9042
0.0215728 -161.834
0.0283486 -228.454
0.0345678 -273.865
0.040797 -310.989
0.0469901 -340.085
0.0530891 -380.247
0.0595447 -429.53
0.0658233 -471.14
0.0719397 -499.089
0.0782459 -504.97
0.0847576 -482.245
0.0912144 -444.038
0.0973611 -412.972
0.103575 -399.326
0.109823 -408.205
0.116044 -435
0.122386 -467.239
0.128691 -485.503
0.134942 -481.101
0.141188 -451.23
0.147501 -404.502
0.153773 -358.625
0.160056 -325.434
0.166395 -312.032
0.172733 -322.94
0.179044 -346.89
0.185321 -367.454
0.191573 -372.789
0.197832 -363.264
0.204185 -340.068
0.210498 -306.68
0.216714 -271.97
0.222965 -245.121
0.229255 -236.064
0.235506 -243.068
0.241786 -257.001
0.248088 -267.972
0.25435 -267.447
0.260623 -256.912
0.266956 -240.702
0.273277 -223.558
0.279616 -209.746
0.285897 -200.086
0.292116 -193.462
0.298373 -188.809
0.304678 -185.265
0.310961 -182.193
0.317262 -179.233
0.323584 -176.254
0.329839 -173.02
0.33614 -169.126
0.342398 -164.447
0.348683 -159.129
0.354948 -153.449
0.361203 -147.664
0.36749 -141.982
0.373773 -136.722
0.380074 -131.96
0.386372 -127.689
0.392624 -123.861
0.39892 -120.385
0.405201 -117.262
0.411504 -114.419
0.417799 -111.872
0.42404 -109.536
0.430355 -107.295
0.436625 -105.14
0.442917 -102.967
0.449184 -100.716
0.455459 -98.2808
0.461779 -95.6148
0.468095 -92.804
0.474375 -89.9176
0.480658 -87.0278
0.486928 -84.1694
0.493195 -81.3879
0.49946 -78.7744
0.505717 -76.3681
0.512 -74.1427
0.518336 -72.0828
0.52461 -70.1812
0.53086 -68.4053
0.537166 -66.7166
0.543514 -65.0891
0.549764 -63.5299
0.555964 -62.0213
0.562279 -60.487
0.568645 -58.9527
0.574916 -57.477
0.581133 -56.0297
0.587428 -54.591
0.59375 -53.1727
0.600022 -51.8173
0.606298 -50.4831
0.612523 -49.1978
0.618851 -47.9231
0.625163 -46.6693
0.631399 -45.4878
0.0104382 -43.788
0.0153237 -91.9042
0.0215728 -161.834
0.0283486 -228.454
0.0345678 -273.865
0.040797 -310.989
0.0469901 -340.085
0.0530891 -380.247
0.0595447 -429.53
0.0658233 -471.14
0.0719397 -499.089
0.0782459 -504.97
0.0847576 -482.245
0.0912144 -444.038
0.0973611 -412.972
0.103575 -399.326
0.109823 -408.205
0.116044 -435
0.122386 -467.239
0.128691 -485.503
0.134942 -481.101
0.141188 -451.23
0.147501 -404.502
0.153773 -358.625
0.160056 -325.434
0.166395 -312.032
0.172733 -322.94
0.179044 -346.89
0.185321 -367.454
0.191573 -372.789
0.197832 -363.264
0.204185 -340.068
0.210498 -306.68
0.216714 -271.97
0.222965 -245.121
0.229255 -236.064
0.235506 -243.068
0.241786 -257.001
0.248088 -267.972
0.25435 -267.447
0.260623 -256.912
0.266956 -240.702
0.273277 -223.558
0.279616 -209.746
0.285897 -200.086
0.292116 -193.462
0.298373 -188.809
0.304678 -185.265
0.310961 -182.193
0.317262 -179.233
0.323584 -176.254
0.329839 -173.02
0.33614 -169.126
0.342398 -164.447
0.348683 -159.129
0.354948 -153.449
0.361203 -147.664
0.36749 -141.982
0.373773 -136.722
0.380074 -131.96
0.386372 -127.689
0.392624 -123.861
0.39892 -120.385
0.405201 -117.262
0.411504 -114.419
0.417799 -111.872
0.42404 -109.536
0.430355 -107.295
0.436625 -105.14
0.442917 -102.967
0.449184 -100.716
0.455459 -98.2808
0.461779 -95.6148
0.468095 -92.804
0.474375 -89.9176
0.480658 -87.0278
0.486928 -84.1694
0.493195 -81.3879
0.49946 -78.7744
0.505717 -76.3681
0.512 -74.1427
0.518336 -72.0828
0.52461 -70.1812
0.53086 -68.4053
0.537166 -66.7166
0.543514 -65.0891
0.549764 -63.5299
0.555964 -62.0213
0.562279 -60.487
0.568645 -58.9527
0.574916 -57.477
0.581133 -56.0297
0.587428 -54.591
0.59375 -53.1727
0.600022 -51.8173
0.606298 -50.4831
0.612523 -49.1978
0.618851 -47.9231
0.625163 -46.6693
0.631399 -45.4878
0.0104382 -43.788
0.0153237 -91.9042
0.0215728 -161.834
0.0283486 -228.454
0.0345678 -273.865
0.040797 -310.989
0.0469901 -340.085
0.0530891 -380.247
0.0595447 -429.53
0.0658233 -471.14
0.0719397 -499.089
0.0782459 -504.97
0.0847576 -482.245
0.0912144 -444.038
0.0973611 -412.972
0.103575 -399.326
0.109823 -408.205
0.116044 -435
0.122386 -467.239
0.128691 -485.503
0.134942 -481.101
0.141188 -451.23
0.147501 -404.502
0.153773 -358.625
0.160056 -325.434
0.166395 -312.032
0.172733 -322.94
0.179044 -346.89
0.185321 -367.454
0.191573 -372.789
0.197832 -363.264
0.204185 -340.068
0.210498 -306.68
0.216714 -271.97
0.222965 -245.121
0.229255 -236.064
0.235506 -243.068
0.241786 -257.001
0.248088 -267.972
0.25435 -267.447
0.260623 -256.912
0.266956 -240.702
0.273277 -223.558
0.279616 -209.746
0.285897 -200.086
0.292116 -193.462
0.298373 -188.809
0.304678 -185.265
0.310961 -182.193
0.317262 -179.233
0.323584 -176.254
0.329839 -173.02
0.33614 -169.126
0.342398 -164.447
0.348683 -159.129
0.354948 -153.449
0.361203 -147.664
0.36749 -141.982
0.373773 -136.722
0.380074 -131.96
0.386372 -127.689
0.392624 -123.861
0.39892 -120.385
0.405201 -117.262
0.411504 -114.419
0.417799 -111.872
0.42404 -109.536
0.430355 -107.295
0.436625 -105.14
0.442917 -102.967
0.449184 -100.716
0.455459 -98.2808
0.461779 -95.6148
0.468095 -92.804
0.474375 -89.9176
0.480658 -87.0278
0.486928 -84.1694
0.493195 -81.3879
0.49946 -78.7744
0.505717 -76.3681
0.512 -74.1427
0.518336 -72.0828
0.52461 -70.1812
0.53086 -68.4053
0.537166 -66.7166
0.543514 -65.0891
0.549764 -63.5299
0.555964 -62.0213
0.562279 -60.487
0.568645 -58.9527
0.574916 -57.477
0.581133 -56.0297
0.587428 -54.591
0.59375 -53.1727
0.600022 -51.8173
0.606298 -50.4831
0.612523 -49.1978
0.618851 -47.9231
0.625163 -46.6693
0.631399 -45.4878
0.0104382 -43.788
0.0153237 -91.9042
0.0215728 -161.834
0.0283486 -228.454
0.0345678 -273.865
0.040797 -310.989
0.0469901 -340.085
0.0530891 -380.247
0.0595447 -429.53
0.0658233 -471.14
0.0719397 -499.089
0.0782459 -504.97
0.0847576 -482.245
0.0912144 -444.038
0.0973611 -412.972
0.103575 -399.326
0.109823 -408.205
0.116044 -435
0.122386 -467.239
0.128691 -485.503
0.134942 -481.101
0.141188 -451.23
0.147501 -404.502
0.153773 -358.625
0.160056 -325.434
0.166395 -312.032
0.172733 -322.94
0.179044 -346.89
0.185321 -367.454
0.191573 -372.789
0.197832 -363.264
0.204185 -340.068
0.210498 -306.68
0.216714 -271.97
0.222965 -245.121
0.229255 -236.064
0.235506 -243.068
0.241786 -257.001
0.248088 -267.972
0.25435 -267.447
0.260623 -256.912
0.266956 -240.702
0.273277 -223.558
0.279616 -209.746
0.285897 -200.086
0.292116 -193.462
0.298373 -188.809
0.304678 -185.265
0.310961 -182.193
0.317262 -179.233
0.323584 -176.254
0.329839 -173.02
0.33614 -169.126
0.342398 -164.447
0.348683 -159.129
0.354948 -153.449
0.361203 -147.664
0.36749 -141.982
0.373773 -136.722
0.380074 -131.96
0.386372 -127.689
0.392624 -123.861
0.39892 -120.385
0.405201 -117.262
0.411504 -114.419
0.417799 -111.872
0.42404 -109.536
0.430355 -107.295
0.436625 -105.14
0.442917 -102.967
0.449184 -100.716
0.455459 -98.2808
0.461779 -95.6148
0.468095 -92.804
0.474375 -89.9176
0.480658 -87.0278
0.486928 -84.1694
0.493195 -81.3879
0.49946 -78.7744
0.505717 -76.3681
0.512 -74.1427
0.518336 -72.0828
0.52461 -70.1812
0.53086 -68.4053
0.537166 -66.7166
0.543514 -65.0891
0.549764 -63.5299
0.555964 -62.0213
0.562279 -60.487
0.568645 -58.9527
0.574916 -57.477
0.581133 -56.0297
0.587428 -54.591
0.59375 -53.1727
0.600022 -51.8173
0.606298 -50.4831
0.612523 -49.1978
0.618851 -47.9231
0.625163 -46.6693
0.631399 -45.4878
0.0104382 -43.788
0.0153237 -91.9042
0.0215728 -161.834
0.0283486 -228.454
0.0345678 -273.865
0.040797 -310.989
0.0469901 -340.085
0.0530891 -380.247
0.0595447 -429.53
0.0658233 -471.14
0.0719397 -499.089
0.0782459 -504.97
0.0847576 -482.245
0.0912144 -444.038
0.0973611 -412.972
0.103575 -399.326
0.109823 -408.205
0.116044 -435
0.122386 -467.239
0.128691 -485.503
0.134942 -481.101
0.141188 -451.23
0.147501 -404.502
0.153773 -358.625
0.160056 -325.434
0.166395 -312.032
0.172733 -322.94
0.179044 -346.89
0.185321 -367.454
0.191573 -372.789
0.197832 -363.264
0.204185 -340.068
0.210498 -306.68
0.216714 -271.97
0.222965 -245.121
0.229255 -236.064
0.235506 -243.068
0.241786 -257.001
0.248088 -267.972
0.25435 -267.447
0.260623 -256.912
0.266956 -240.702
0.273277 -223.558
0.279616 -209.746
0.285897 -200.086
0.292116 -193.462
0.298373 -188.809
0.304678 -185.265
0.310961 -182.193
0.317262 -179.233
0.323584 -176.254
0.329839 -173.02
0.33614 -169.126
0.342398 -164.447
0.348683 -159.129
0.354948 -153.449
0.361203 -147.664
0.36749 -141.982
0.373773 -136.722
0.380074 -131.96
0.386372 -127.689
0.392624 -123.861
0.39892 -120.385
0.405201 -117.262
0.411504 -114.419
0.417799 -111.872
0.42404 -109.536
0.430355 -107.295
0.436625 -105.14
0.442917 -102.967
0.449184 -100.716
0.455459 -98.2808
0.461779 -95.6148
0.468095 -92.804
0.474375 -89.9176
0.480658 -87.0278
0.486928 -84.1694
0.493195 -81.3879
0.49946 -78.7744
0.505717 -76.3681
0.512 -74.1427
0.518336 -72.0828
0.52461 -70.1812
0.53086 -68.4053
0.537166 -66.7166
0.543514 -65.0891
0.549764 -63.5299
0.555964 -62.0213
0.562279 -60.487
0.568645 -58.9527
0.574916 -57.477
0.581133 -56.0297
0.587428 -54.591
0.59375 -53.1727
0.600022 -51.8173
0.606298 -50.4831
0.612523 -49.1978
0.618851 -47.9231
0.625163 -46.6693
0.631399 -45.4878
0.0104382 -43.788
0.0153237 -91.9042
0.0215728 -161.834
0.0283486 -228.454
0.0345678 -273.865
0.040797 -310.989
0.0469901 -340.085
0.0530891 -380.247
0.0595447 -429.53
0.0658233 -471.14
0.0719397 -499.089
0.0782459 -504.97
0.0847576 -482.245
0.0912144 -444.038
0.0973611 -412.972
0.103575 -399.326
0.109823 -408.205
0.116044 -435
0.122386 -467.239
0.128691 -485.503
0.134942 -481.101
0.141188 -451.23
0.147501 -404.502
0.153773 -358.625
0.160056 -325.434
0.166395 -312.032
0.172733 -322.94
0.179044 -346.89
0.185321 -367.454
0.191573 -372.789
0.197832 -363.264
0.204185 -340.068
0.210498 -306.68
0.216714 -271.97
0.222965 -245.121
0.229255 -236.064
0.235506 -243.068
0.241786 -257.001
0.248088 -267.972
0.25435 -267.447
0.260623 -256.912
0.266956 -240.702
0.273277 -223.558
0.279616 -209.746
0.285897 -200.086
0.292116 -193.462
0.298373 -188.809
0.304678 -185.265
0.310961 -182.193
0.317262 -179.233
0.323584 -176.254
0.329839 -173.02
0.33614 -169.126
0.342398 -164.447
0.348683 -159.129
0.354948 -153.449
0.361203 -147.664
0.36749 -141.982
0.373773 -136.722
0.380074 -131.96
0.386372 -127.689
0.392624 -123.861
0.39892 -120.385
0.405201 -117.262
0.411504 -114.419
0.417799 -111.872
0.42404 -109.536
0.430355 -107.295
0.436625 -105.14
0.442917 -102.967
0.449184 -100.716
0.455459 -98.2808
0.461779 -95.6148
0.468095 -92.804
0.474375 -89.9176
0.480658 -87.0278
0.486928 -84.1694
0.493195 -81.3879
0.49946 -78.7744
0.505717 -76.3681
0.512 -74.1427
0.518336 -72.0828
0.52461 -70.1812
0.53086 -68.4053
0.537166 -66.7166
0.543514 -65.0891
0.549764 -63.5299
0.555964 -62.0213
0.562279 -60.487
0.568645 -58.9527
0.574916 -57.477
0.581133 -56.0297
0.587428 -54.591
0.59375 -53.1727
0.600022 -51.8173
0.606298 -50.4831
0.612523 -49.1978
0.618851 -47.9231
0.625163 -46.6693
0.631399 -45.4878
0.0104382 -43.788
0.0153237 -91.9042
0.0215728 -161.834
0.0283486 -228.454
0.0345678 -273.865
0.040797 -310.989
0.0469901 -340.085
0.0530891 -380.247
0.0595447 -429.53
0.0658233 -471.14
0.0719397 -499.089
0.0782459 -504.97
0.0847576 -482.245
0.0912144 -444.038
0.0973611 -412.972
0.103575 -399.326
0.109823 -408.205
0.116044 -435
0.122386 -467.239
0.128691 -485.503
0.134942 -481.101
0.141188 -451.23
0.147501 -404.502
0.153773 -358.625
0.160056 -325.434
0.166395 -312.032
0.172733 -322.94
0.179044 -346.89
0.185321 -367.454
0.191573 -372.789
0.197832 -363.264
0.204185 -340.068
0.210498 -306.68
0.216714 -271.97
0.222965 -245.121
0.229255 -236.064
0.235506 -243.068
0.241786 -257.001
0.248088 -267.972
0.25435 -267.447
0.260623 -256.912
0.266956 -240.702
0.273277 -223.558
0.279616 -209.746
0.285897 -200.086
0.292116 -193.462
0.298373 -188.809
0.304678 -185.265
0.310961 -182.193
0.317262 -179.233
0.323584 -176.254
0.329839 -173.02
0.33614 -169.126
0.342398 -164.447
0.348683 -159.129
0.354948 -153.449
0.361203 -147.664
0.36749 -141.982
0.373773 -136.722
0.380074 -131.96
0.386372 -127.689
0.392624 -123.861
0.39892 -120.385
0.405201 -117.262
0.411504 -114.419
0.417799 -111.872
0.42404 -109.536
0.430355 -107.295
0.436625 -105.14
0.442917 -102.967
0.449184 -100.716
0.455459 -98.2808
0.461779 -95.6148
0.468095 -92.804
0.474375 -89.9176
0.480658 -87.0278
0.486928 -84.1694
0.493195 -81.3879
0.49946 -78.7744
0.505717 -76.3681
0.512 -74.1427
0.518336 -72.0828
0.52461 -70.1812
0.53086 -68.4053
0.537166 -66.7166
0.543514 -65.0891
0.549764 -63.5299
0.555964 -62.0213
0.562279 -60.487
0.568645 -58.9527
0.574916 -57.477
0.581133 -56.0297
0.587428 -54.591
0.59375 -53.1727
0.600022 -51.8173
0.606298 -50.4831
0.612523 -49.1978
0.618851 -47.9231
0.625163 -46.6693
0.631399 -45.4878
0.0104382 -43.788
0.0153237 -91.9042
0.0215728 -161.834
0.0283486 -228.454
0.0345678 -273.865
0.040797 -310.989
0.0469901 -340.085
0.0530891 -380.247
0.0595447 -429.53
0.0658233 -471.14
0.0719397 -499.089
0.0782459 -504.97
0.0847576 -482.245
0.0912144 -444.038
0.0973611 -412.972
0.103575 -399.326
0.109823 -408.205
0.116044 -435
0.122386 -467.239
0.128691 -485.503
0.134942 -481.101
0.141188 -451.23
0.147501 -404.502
0.153773 -358.625
0.160056 -325.434
0.166395 -312.032
0.172733 -322.94
0.179044 -346.89
0.185321 -367.454
0.191573 -372.789
0.197832 -363.264
0.204185 -340.068
0.210498 -306.68
0.216714 -271.97
0.222965 -245.121
0.229255 -236.064
0.235506 -243.068
0.241786 -257.001
0.248088 -267.972
0.25435 -267.447
0.260623 -256.912
0.266956 -240.702
0.273277 -223.558
0.279616 -209.746
0.285897 -200.086
0.292116 -193.462
0.298373 -188.809
0.304678 -185.265
0.310961 -182.193
0.317262 -179.233
0.323584 -176.254
0.329839 -173.02
0.33614 -169.126
0.342398 -164.447
0.348683 -159.129
0.354948 -153.449
0.361203 -147.664
0.36749 -141.982
0.373773 -136.722
0.380074 -131.96
0.386372 -127.689
0.392624 -123.861
0.39892 -120.385
0.405201 -117.262
0.411504 -114.419
0.417799 -111.872
0.42404 -109.536
0.430355 -107.295
0.436625 -105.14
0.442917 -102.967
0.449184 -100.716
0.455459 -98.2808
0.461779 -95.6148
0.468095 -92.804
0.474375 -89.9176
0.480658 -87.0278
0.486928 -84.1694
0.493195 -81.3879
0.49946 -78.7744
0.505717 -76.3681
0.512 -74.1427
0.518336 -72.0828
0.52461 -70.1812
0.53086 -68.4053
0.537166 -66.7166
0.543514 -65.0891
0.549764 -63.5299
0.555964 -62.0213
0.562279 -60.487
0.568645 -58.9527
0.574916 -57.477
0.581133 -56.0297
0.587428 -54.591
0.59375 -53.1727
0.600022 -51.8173
0.606298 -50.4831
0.612523 -49.1978
0.618851 -47.9231
0.625163 -46.6693
0.631399 -45.4878
0.0104382 -43.788
0.0153237 -91.9042
0.0215728 -161.834
0.0283486 -228.454
0.0345678 -273.865
0.040797 -310.989
0.0469901 -340.085
0.0530891 -380.247
0.0595447 -429.53
0.0658233 -471.14
0.0719397 -499.089
0.0782459 -504.97
0.0847576 -482.245
0.0912144 -444.038
0.0973611 -412.972
0.103575 -399.326
0.109823 -408.205
0.116044 -435
0.122386 -467.239
0.128691 -485.503
0.134942 -481.101
0.141188 -451.23
0.147501 -404.502
0.153773 -358.625
0.160056 -325.434
0.166395 -312.032
0.172733 -322.94
0.179044 -346.89
0.185321 -367.454
0.191573 -372.789
0.197832 -363.264
0.204185 -340.068
0.210498 -306.68
0.216714 -271.97
0.222965 -245.121
0.229255 -236.064
0.235506 -243.068
0.241786 -257.001
0.248088 -267.972
0.25435 -267.447
0.260623 -256.912
0.266956 -240.702
0.273277 -223.558
0.279616 -209.746
0.285897 -200.086
0.292116 -193.462
0.298373 -188.809
0.304678 -185.265
0.310961 -182.193
0.317262 -179.233
0.323584 -176.254
0.329839 -173.02
0.33614 -169.126
0.342398 -164.447
0.348683 -159.129
0.354948 -153.449
0.361203 -147.664
0.36749 -141.982
0.373773 -136.722
0.380074 -131.96
0.386372 -127.689
0.392624 -123.861
0.39892 -120.385
0.405201 -117.262
0.411504 -114.419
0.417799 -111.872
0.42404 -109.536
0.430355 -107.295
0.436625 -105.14
0.442917 -102.967
0.449184 -100.716
0.455459 -98.2808
0.461779 -95.6148
0.468095 -92.804
0.474375 -89.9176
0.480658 -87.0278
0.486928 -84.1694
0.493195 -81.3879
0.49946 -78.7744
0.505717 -76.3681
0.512 -74.1427
0.518336 -72.0828
0.52461 -70.1812
0.53086 -68.4053
0.537166 -66.7166
0.543514 -65.0891
0.549764 -63.5299
0.555964 -62.0213
0.562279 -60.487
0.568645 -58.9527
0.574916 -57.477
0.581133 -56.0297
0.587428 -54.591
0.59375 -53.1727
0.600022 -51.8173
0.606298 -50.4831
0.612523 -49.1978
0.618851 -47.9231
0.625163 -46.6693
0.631399 -45.4878
0.0104382 -43.788
0.0153237 -91.9042
0.0215728 -161.834
0.0283486 -228.454
0.0345678 -273.865
0.040797 -310.989
0.0469901 -340.085
0.0530891 -380.247
0.0595447 -429.53
0.0658233 -471.14
0.0719397 -499.089
0.0782459 -504.97
0.0847576 -482.245
0.0912144 -444.038
0.0973611 -412.972
0.103575 -399.326
0.109823 -408.205
0.116044 -435
0.122386 -467.239
0.128691 -485.503
0.134942 -481.101
0.141188 -451.23
0.147501 -404.502
0.153773 -358.625
0.160056 -325.434
0.166395 -312.032
0.172733 -322.94
0.179044 -346.89
0.185321 -367.454
0.191573 -372.789
0.197832 -363.264
0.204185 -340.068
0.210498 -306.68
0.216714 -271.97
0.222965 -245.121
0.229255 -236.064
0.235506 -243.068
0.241786 -257.001
0.248088 -267.972
0.25435 -267.447
0.260623 -256.912
0.266956 -240.702
0.273277 -223.558
0.279616 -209.746
0.285897 -200.086
0.292116 -193.462
0.298373 -188.809
0.304678 -185.265
0.310961 -182.193
0.317262 -179.233
0.323584 -176.254
0.329839 -173.02
0.33614 -169.126
0.342398 -164.447
0.348683 -159.129
0.354948 -153.449
0.361203 -147.664
0.36749 -141.982
0.373773 -136.722
0.380074 -131.96
0.386372 -127.689
0.392624 -123.861
0.39892 -120.385
0.405201 -117.262
0.411504 -114.419
0.417799 -111.872
0.42404 -109.536
0.430355 -107.295
0.436625 -105.14
0.442917 -102.967
0.449184 -100.716
0.455459 -98.2808
0.461779 -95.6148
0.468095 -92.804
0.474375 -89.9176
0.480658 -87.0278
0.486928 -84.1694
0.493195 -81.3879
0.49946 -78.7744
0.505717 -76.3681
0.512 -74.1427
0.518336 -72.0828
0.52461 -70.1812
0.53086 -68.4053
0.537166 -66.7166
0.543514 -65.0891
0.549764 -63.5299
0.555964 -62.0213
0.562279 -60.487
0.568645 -58.9527
0.574916 -57.477
0.581133 -56.0297
0.587428 -54.591
0.59375 -53.1727
0.600022 -51.8173
0.606298 -50.4831
0.612523 -49.1978
0.618851 -47.9231
0.625163 -46.6693
0.631399 -45.4878
0.0104382 -43.788
0.0153237 -91.9042
0.0215728 -161.834
0.0283486 -228.454
0.0345678 -273.865
0.040797 -310.989
0.0469901 -340.085
0.0530891 -380.247
0.0595447 -429.53
0.0658233 -471.14
0.0719397 -499.089
0.0782459 -504.97
0.0847576 -482.245
0.0912144 -444.038
0.0973611 -412.972
0.103575 -399.326
0.109823 -408.205
0.116044 -435
0.122386 -467.239
0.128691 -485.503
0.134942 -481.101
0.141188 -451.23
0.147501 -404.502
0.153773 -358.625
0.160056 -325.434
0.166395 -312.032
0.172733 -322.94
0.179044 -346.89
0.185321 -367.454
0.191573 -372.789
0.197832 -363.264
0.204185 -340.068
0.210498 -306.68
0.216714 -271.97
0.222965 -245.121
0.229255 -236.064
0.235506 -243.068
0.241786 -257.001
0.248088 -267.972
0.25435 -267.447
0.260623 -256.912
0.266956 -240.702
0.273277 -223.558
0.279616 -209.746
0.285897 -200.086
0.292116 -193.462
0.298373 -188.809
0.304678 -185.265
0.310961 -182.193
0.317262 -179.233
0.323584 -176.254
0.329839 -173.02
0.33614 -169.126
0.342398 -164.447
0.348683 -159.129
0.354948 -153.449
0.361203 -147.664
0.36749 -141.982
0.373773 -136.722
0.380074 -131.96
0.386372 -127.689
0.392624 -123.861
0.39892 -120.385
0.405201 -117.262
0.411504 -114.419
0.417799 -111.872
0.42404 -109.536
0.430355 -107.295
0.436625 -105.14
0.442917 -102.967
0.449184 -100.716
0.455459 -98.2808
0.461779 -95.6148
0.468095 -92.804
0.474375 -89.9176
0.480658 -87.0278
0.486928 -84.1694
0.493195 -81.3879
0.49946 -78.7744
0.505717 -76.3681
0.512 -74.1427
0.518336 -72.0828
0.52461 -70.1812
0.53086 -68.4053
0.537166 -66.7166
0.543514 -65.0891
0.549764 -63.5299
0.555964 -62.0213
0.562279 -60.487
0.568645 -58.9527
0.574916 -57.477
0.581133 -56.0297
0.587428 -54.591
0.59375 -53.1727
0.600022 -51.8173
0.606298 -50.4831
0.612523 -49.1978
0.618851 -47.9231
0.625163 -46.6693
0.631399 -45.4878
0.0104382 -43.788
0.0153237 -91.9042
0.0215728 -161.834
0.0283486 -228.454
0.0345678 -273.865
0.040797 -310.989
0.0469901 -340.085
0.0530891 -380.247
0.0595447 -429.53
0.0658233 -471.14
0.0719397 -499.089
0.0782459 -504.97
0.0847576 -482.245
0.0912144 -444.038
0.0973611 -412.972
0.103575 -399.326
0.109823 -408.205
0.116044 -435
0.122386 -467.239
0.128691 -485.503
0.134942 -481.101
0.141188 -451.23
0.147501 -404.502
0.153773 -358.625
0.160056 -325.434
0.166395 -312.032
0.172733 -322.94
0.179044 -346.89
0.185321 -367.454
0.191573 -372.789
0.197832 -363.264
0.204185 -340.068
0.210498 -306.68
0.216714 -271.97
0.222965 -245.121
0.229255 -236.064
0.235506 -243.068
0.241786 -257.001
0.248088 -267.972
0.25435 -267.447
0.260623 -256.912
0.266956 -240.702
0.273277 -223.558
0.279616 -209.746
0.285897 -200.086
0.292116 -193.462
0.298373 -188.809
0.304678 -185.265
0.310961 -182.193
0.317262 -179.233
0.323584 -176.254
0.329839 -173.02
0.33614 -169.126
0.342398 -164.447
0.348683 -159.129
0.354948 -153.449
0.361203 -147.664
0.36749 -141.982
0.373773 -136.722
0.380074 -131.96
0.386372 -127.689
0.392624 -123.861
0.39892 -120.385
0.405201 -117.262
0.411504 -114.419
0.417799 -111.872
0.42404 -109.536
0.430355 -107.295
0.436625 -105.14
0.442917 -102.967
0.449184 -100.716
0.455459 -98.2808
0.461779 -95.6148
0.468095 -92.804
0.474375 -89.9176
0.480658 -87.0278
0.486928 -84.1694
0.493195 -81.3879
0.49946 -78.7744
0.505717 -76.3681
0.512 -74.1427
0.518336 -72.0828
0.52461 -70.1812
0.53086 -68.4053
0.537166 -66.7166
0.543514 -65.0891
0.549764 -63.5299
0.555964 -62.0213
0.562279 -60.487
0.568645 -58.9527
0.574916 -57.477
0.581133 -56.0297
0.587428 -54.591
0.59375 -53.1727
0.600022 -51.8173
0.606298 -50.4831
0.612523 -49.1978
0.618851 -47.9231
0.625163 -46.6693
0.631399 -45.4878
0.0104382 -43.788
0.0153237 -91.9042
0.0215728 -161.834
0.0283486 -228.454
0.0345678 -273.865
0.040797 -310.989
0.0469901 -340.085
0.0530891 -380.247
0.0595447 -429.53
0.0658233 -471.14
0.0719397 -499.089
0.0782459 -504.97
0.0847576 -482.245
0.0912144 -444.038
0.0973611 -412.972
0.103575 -399.326
0.109823 -408.205
0.116044 -435
0.122386 -467.239
0.128691 -485.503
0.134942 -481.101
0.141188 -451.23
0.147501 -404.502
0.153773 -358.625
0.160056 -325.434
0.166395 -312.032
0.172733 -322.94
0.179044 -346.89
0.185321 -367.454
0.191573 -372.789
0.197832 -363.264
0.204185 -340.068
0.210498 -306.68
0.216714 -271.97
0.222965 -245.121
0.229255 -236.064
0.235506 -243.068
0.241786 -257.001
0.248088 -267.972
0.25435 -267.447
0.260623 -256.912
0.266956 -240.702
0.273277 -223.558
0.279616 -209.746
0.285897 -200.086
0.292116 -193.462
0.298373 -188.809
0.304678 -185.265
0.310961 -182.193
0.317262 -179.233
0.323584 -176.254
0.329839 -173.02
0.33614 -169.126
0.342398 -164.447
0.348683 -159.129
0.354948 -153.449
0.361203 -147.664
0.36749 -141.982
0.373773 -136.722
0.380074 -131.96
0.386372 -127.689
0.392624 -123.861
0.39892 -120.385
0.405201 -117.262
0.411504 -114.419
0.417799 -111.872
0.42404 -109.536
0.430355 -107.295
0.436625 -105.14
0.442917 -102.967
0.449184 -100.716
0.455459 -98.2808
0.461779 -95.6148
0.468095 -92.804
0.474375 -89.9176
0.480658 -87.0278
0.486928 -84.1694
0.493195 -81.3879
0.49946 -78.7744
0.505717 -76.3681
0.512 -74.1427
0.518336 -72.0828
0.52461 -70.1812
0.53086 -68.4053
0.537166 -66.7166
0.543514 -65.0891
0.549764 -63.5299
0.555964 -62.0213
0.562279 -60.487
0.568645 -58.9527
0.574916 -57.477
0.581133 -56.0297
0.587428 -54.591
0.59375 -53.1727
0.600022 -51.8173
0.606298 -50.4831
0.612523 -49.1978
0.618851 -47.9231
0.625163 -46.6693
0.631399 -45.4878
0.0104382 -43.788
0.0153237 -91.9042
0.0215728 -161.834
0.0283486 -228.454
0.0345678 -273.865
0.040797 -310.989
0.0469901 -340.085
0.0530891 -380.247
0.0595447 -429.53
0.0658233 -471.14
0.0719397 -499.089
0.0782459 -504.97
0.0847576 -482.245
0.0912144 -444.038
0.0973611 -412.972
0.103575 -399.326
0.109823 -408.205
0.116044 -435
0.122386 -467.239
0.128691 -485.503
0.134942 -481.101
0.141188 -451.23
0.147501 -404.502
0.153773 -358.625
0.160056 -325.434
0.166395 -312.032
0.172733 -322.94
0.179044 -346.89
0.185321 -367.454
0.191573 -372.789
0.197832 -363.264
0.204185 -340.068
0.210498 -306.68
0.216714 -271.97
0.222965 -245.121
0.229255 -236.064
0.235506 -243.068
0.241786 -257.001
0.248088 -267.972
0.25435 -267.447
0.260623 -256.912
0.266956 -240.702
0.273277 -223.558
0.279616 -209.746
0.285897 -200.086
0.292116 -193.462
0.298373 -188.809
0.304678 -185.265
0.310961 -182.193
0.317262 -179.233
0.323584 -176.254
0.329839 -173.02
0.33614 -169.126
0.342398 -164.447
0.348683 -159.129
0.354948 -153.449
0.361203 -147.664
0.36749 -141.982
0.373773 -136.722
0.380074 -131.96
0.386372 -127.689
0.392624 -123.861
0.39892 -120.385
0.405201 -117.262
0.411504 -114.419
0.417799 -111.872
0.42404 -109.536
0.430355 -107.295
0.436625 -105.14
0.442917 -102.967
0.449184 -100.716
0.455459 -98.2808
0.461779 -95.6148
0.468095 -92.804
0.474375 -89.9176
0.480658 -87.0278
0.486928 -84.1694
0.493195 -81.3879
0.49946 -78.7744
0.505717 -76.3681
0.512 -74.1427
0.518336 -72.0828
0.52461 -70.1812
0.53086 -68.4053
0.537166 -66.7166
0.543514 -65.0891
0.549764 -63.5299
0.555964 -62.0213
0.562279 -60.487
0.568645 -58.9527
0.574916 -57.477
0.581133 -56.0297
0.587428 -54.591
0.59375 -53.1727
0.600022 -51.8173
0.606298 -50.4831
0.612523 -49.1978
0.618851 -47.9231
0.625163 -46.6693
0.631399 -45.4878
0.0104382 -43.788
0.0153237 -91.9042
0.0215728 -161.834
0.0283486 -228.454
0.0345678 -273.865
0.040797 -310.989
0.0469901 -340.085
0.0530891 -380.247
0.0595447 -429.53
0.0658233 -471.14
0.0719397 -499.089
0.0782459 -504.97
0.0847576 -482.245
0.0912144 -444.038
0.0973611 -412.972
0.103575 -399.326
0.109823 -408.205
0.116044 -435
0.122386 -467.239
0.128691 -485.503
0.134942 -481.101
0.141188 -451.23
0.147501 -404.502
0.153773 -358.625
0.160056 -325.434
0.166395 -312.032
0.172733 -322.94
0.179044 -346.89
0.185321 -367.454
0.191573 -372.789
0.197832 -363.264
0.204185 -340.068
0.210498 -306.68
0.216714 -271.97
0.222965 -245.121
0.229255 -236.064
0.235506 -243.068
0.241786 -257.001
0.248088 -267.972
0.25435 -267.447
0.260623 -256.912
0.266956 -240.702
0.273277 -223.558
0.279616 -209.746
0.285897 -200.086
0.292116 -193.462
0.298373 -188.809
0.304678 -185.265
0.310961 -182.193
0.317262 -179.233
0.323584 -176.254
0.329839 -173.02
0.33614 -169.126
0.342398 -164.447
0.348683 -159.129
0.354948 -153.449
0.361203 -147.664
0.36749 -141.982
0.373773 -136.722
0.380074 -131.96
0.386372 -127.689
0.392624 -123.861
0.39892 -120.385
0.405201 -117.262
0.411504 -114.419
0.417799 -111.872
0.42404 -109.536
0.430355 -107.295
0.436625 -105.14
0.442917 -102.967
0.449184 -100.716
0.455459 -98.2808
0.461779 -95.6148
0.468095 -92.804
0.474375 -89.9176
0.480658 -87.0278
0.486928 -84.1694
0.493195 -81.3879
0.49946 -78.7744
0.505717 -76.3681
0.512 -74.1427
0.518336 -72.0828
0.52461 -70.1812
0.53086 -68.4053
0.537166 -66.7166
0.543514 -65.0891
0.549764 -63.5299
0.555964 -62.0213
0.562279 -60.487
0.568645 -58.9527
0.574916 -57.477
0.581133 -56.0297
0.587428 -54.591
0.59375 -53.1727
0.600022 -51.8173
0.606298 -50.4831
0.612523 -49.1978
0.618851 -47.9231
0.625163 -46.6693
0.631399 -45.4878
